-2.481522868071841526e+00 6.925993372891472433e-01 0.000000000000000000e+00
-2.502037066393441034e+00 6.125691075171075806e-01 0.000000000000000000e+00
-2.515485276750661026e+00 6.199153030253587993e-01 4.775510204081627186e-01
-2.494884134165279210e+00 7.001759740691290146e-01 4.775510204081627741e-01
-2.494884134165279210e+00 7.001759740691290146e-01 4.775510204081627741e-01
-2.515485276750661026e+00 6.199153030253587993e-01 4.775510204081627186e-01
-2.530015924906286795e+00 6.275564952641239369e-01 9.551020408163259923e-01
-2.509378069370303610e+00 7.079312627910318012e-01 9.551020408163259923e-01
-2.509378069370303610e+00 7.079312627910318012e-01 9.551020408163259923e-01
-2.530015924906286795e+00 6.275564952641239369e-01 9.551020408163259923e-01
-2.545541595542059721e+00 6.354784990894868368e-01 1.432653061224489655e+00
-2.524909936288651569e+00 7.158597094905221336e-01 1.432653061224489655e+00
-2.524909936288651569e+00 7.158597094905221336e-01 1.432653061224489655e+00
-2.545541595542059721e+00 6.354784990894868368e-01 1.432653061224489655e+00
-2.561974873339722958e+00 6.436671293575316755e-01 1.910204081632653317e+00
-2.541384997522060374e+00 7.239558202032662093e-01 1.910204081632653317e+00
-2.541384997522060374e+00 7.239558202032662093e-01 1.910204081632653317e+00
-2.561974873339722958e+00 6.436671293575316755e-01 1.910204081632653317e+00
-2.579228342981017441e+00 6.521082009243421851e-01 2.387755102040816979e+00
-2.558708515672265982e+00 7.322141009649304477e-01 2.387755102040816979e+00
