0              -8.768994e+00 -8.242923e+00 -5.418231e-02 0.000000e+00 0.000000e+00 0.000000e+00 -8.768994e+00 -8.242923e+00 -5.418231e-02
0.05           -6.630767e+06 -5.640686e+05 -1.793920e+05 -5.900264e+06 -5.641408e+05 -1.769672e+05 -7.305030e+05 7.217242e+01 -2.424835e+03
0.1            -5.281222e+06 -7.975913e+05 -1.848784e+05 -4.590945e+06 -7.976513e+05 -1.826616e+05 -6.902772e+05 5.999952e+01 -2.216836e+03
0.15           -4.700868e+06 -1.059159e+06 -2.242743e+05 -4.027376e+06 -1.059212e+06 -2.221583e+05 -6.734923e+05 5.298294e+01 -2.115952e+03
0.2            -4.420546e+06 -1.225132e+06 -2.770971e+05 -3.756021e+06 -1.225162e+06 -2.750363e+05 -6.645247e+05 2.958684e+01 -2.060840e+03
0.25           -4.285117e+06 -1.339020e+06 -3.336344e+05 -3.626031e+06 -1.339046e+06 -3.316135e+05 -6.590861e+05 2.544975e+01 -2.020982e+03
0.3            -4.237423e+06 -1.430986e+06 -4.150204e+05 -3.582015e+06 -1.431032e+06 -4.130171e+05 -6.554074e+05 4.578924e+01 -2.003336e+03
0.35           -4.246244e+06 -1.500667e+06 -4.857108e+05 -3.593513e+06 -1.500741e+06 -4.837224e+05 -6.527309e+05 7.388289e+01 -1.988482e+03
0.4            -4.288971e+06 -1.573469e+06 -5.737741e+05 -3.638231e+06 -1.573552e+06 -5.717878e+05 -6.507394e+05 8.331338e+01 -1.986247e+03
0.45           -4.343779e+06 -1.617660e+06 -6.348724e+05 -3.694518e+06 -1.617743e+06 -6.328880e+05 -6.492608e+05 8.345958e+01 -1.984387e+03
0.5            -4.403376e+06 -1.644680e+06 -7.094395e+05 -3.755211e+06 -1.644781e+06 -7.074602e+05 -6.481650e+05 1.010568e+02 -1.979272e+03
0.55           -4.461839e+06 -1.660632e+06 -7.632741e+05 -3.814519e+06 -1.660761e+06 -7.612974e+05 -6.473198e+05 1.292828e+02 -1.976684e+03
0.6            -4.518046e+06 -1.653651e+06 -8.212093e+05 -3.871364e+06 -1.653813e+06 -8.192411e+05 -6.466815e+05 1.613658e+02 -1.968294e+03
0.65           -4.566482e+06 -1.636632e+06 -8.597175e+05 -3.920290e+06 -1.636846e+06 -8.577613e+05 -6.461923e+05 2.145171e+02 -1.956208e+03
0.7            -4.612586e+06 -1.607994e+06 -9.165184e+05 -3.966833e+06 -1.608275e+06 -9.145731e+05 -6.457533e+05 2.811985e+02 -1.945288e+03
0.75           -4.654100e+06 -1.572701e+06 -9.354587e+05 -4.008746e+06 -1.573048e+06 -9.335201e+05 -6.453547e+05 3.471430e+02 -1.938621e+03
0.8            -4.694540e+06 -1.527530e+06 -9.624856e+05 -4.049560e+06 -1.527945e+06 -9.605639e+05 -6.449804e+05 4.147398e+02 -1.921737e+03
0.85           -4.733547e+06 -1.485390e+06 -9.853649e+05 -4.088815e+06 -1.485877e+06 -9.834731e+05 -6.447319e+05 4.866556e+02 -1.891781e+03
0.9            -4.772365e+06 -1.444182e+06 -1.032353e+06 -4.127798e+06 -1.444748e+06 -1.030494e+06 -6.445666e+05 5.662059e+02 -1.858964e+03
0.95           -4.807900e+06 -1.391645e+06 -1.069627e+06 -4.163383e+06 -1.392293e+06 -1.067808e+06 -6.445164e+05 6.473239e+02 -1.819425e+03
1              -4.849870e+06 -1.313779e+06 -1.127191e+06 -4.205435e+06 -1.314528e+06 -1.125408e+06 -6.444349e+05 7.490118e+02 -1.783276e+03
1.05           -4.883725e+06 -1.219748e+06 -1.145993e+06 -4.239169e+06 -1.220638e+06 -1.144254e+06 -6.445554e+05 8.902568e+02 -1.738944e+03
1.1            -4.911849e+06 -1.089406e+06 -1.149723e+06 -4.267008e+06 -1.090492e+06 -1.148021e+06 -6.448411e+05 1.085716e+03 -1.701911e+03
1.15           -4.943416e+06 -8.867175e+05 -1.199920e+06 -4.298281e+06 -8.880935e+05 -1.198271e+06 -6.451347e+05 1.375974e+03 -1.649603e+03
1.2            -4.972777e+06 -6.261799e+05 -1.227422e+06 -4.327411e+06 -6.279844e+05 -1.225806e+06 -6.453667e+05 1.804526e+03 -1.615929e+03
1.25           -4.988042e+06 -3.219788e+05 -1.261233e+06 -4.342629e+06 -3.243154e+05 -1.259672e+06 -6.454130e+05 2.336605e+03 -1.560631e+03
1.3            -4.977378e+06 -7.785294e+04 -1.271781e+06 -4.332379e+06 -8.069549e+04 -1.270284e+06 -6.449991e+05 2.842549e+03 -1.497398e+03
1.35           -4.936429e+06 -2.129267e+04 -1.285364e+06 -4.292311e+06 -2.437473e+04 -1.283937e+06 -6.441181e+05 3.082066e+03 -1.426899e+03
1.4            -4.875228e+06 -1.749552e+05 -1.296070e+06 -4.232133e+06 -1.779232e+05 -1.294699e+06 -6.430950e+05 2.967947e+03 -1.371373e+03
1.45           -4.817401e+06 -3.905703e+05 -1.342173e+06 -4.175106e+06 -3.932380e+05 -1.340843e+06 -6.422951e+05 2.667641e+03 -1.330032e+03
1.5            -4.771709e+06 -5.736477e+05 -1.386481e+06 -4.129900e+06 -5.759941e+05 -1.385175e+06 -6.418089e+05 2.346396e+03 -1.306127e+03
1.55           -4.742634e+06 -6.732541e+05 -1.449414e+06 -4.101049e+06 -6.753516e+05 -1.448127e+06 -6.415857e+05 2.097535e+03 -1.287365e+03
1.6            -4.726138e+06 -7.194195e+05 -1.499324e+06 -4.084620e+06 -7.213527e+05 -1.498064e+06 -6.415178e+05 1.933210e+03 -1.259839e+03
1.65           -4.717820e+06 -7.040074e+05 -1.538029e+06 -4.076286e+06 -7.058428e+05 -1.536806e+06 -6.415340e+05 1.835429e+03 -1.223557e+03
1.7            -4.714893e+06 -6.599725e+05 -1.561400e+06 -4.073289e+06 -6.617577e+05 -1.560224e+06 -6.416038e+05 1.785270e+03 -1.176423e+03
1.75           -4.715283e+06 -5.941940e+05 -1.587652e+06 -4.073585e+06 -5.959663e+05 -1.586532e+06 -6.416974e+05 1.772296e+03 -1.120113e+03
1.8            -4.718133e+06 -5.148344e+05 -1.601530e+06 -4.076325e+06 -5.166124e+05 -1.600473e+06 -6.418082e+05 1.778063e+03 -1.056699e+03
1.85           -4.721212e+06 -4.376922e+05 -1.604762e+06 -4.079264e+06 -4.394892e+05 -1.603773e+06 -6.419476e+05 1.796948e+03 -9.894150e+02
1.9            -4.728034e+06 -3.514703e+05 -1.619877e+06 -4.085934e+06 -3.532870e+05 -1.618964e+06 -6.421004e+05 1.816742e+03 -9.127286e+02
1.95           -4.734644e+06 -2.891535e+05 -1.630331e+06 -4.092376e+06 -2.910079e+05 -1.629497e+06 -6.422683e+05 1.854320e+03 -8.334156e+02
2              -4.743298e+06 -2.158090e+05 -1.645472e+06 -4.100825e+06 -2.176820e+05 -1.644719e+06 -6.424725e+05 1.872980e+03 -7.532486e+02
2.05           -4.751021e+06 -1.496698e+05 -1.645537e+06 -4.108312e+06 -1.515659e+05 -1.644857e+06 -6.427093e+05 1.896112e+03 -6.801075e+02
2.1            -4.761546e+06 -7.844341e+04 -1.653461e+06 -4.118573e+06 -8.036154e+04 -1.652864e+06 -6.429733e+05 1.918131e+03 -5.973434e+02
2.15           -4.774501e+06 -6.140626e+03 -1.651521e+06 -4.131207e+06 -8.079133e+03 -1.651010e+06 -6.432936e+05 1.938507e+03 -5.113910e+02
2.2            -4.786541e+06 5.274275e+04 -1.640112e+06 -4.142886e+06 5.079041e+04 -1.639686e+06 -6.436547e+05 1.952336e+03 -4.256046e+02
2.25           -4.806086e+06 1.266153e+05 -1.637372e+06 -4.162008e+06 1.246502e+05 -1.637042e+06 -6.440779e+05 1.965043e+03 -3.299225e+02
2.3            -4.827146e+06 1.810685e+05 -1.625191e+06 -4.182578e+06 1.790885e+05 -1.624950e+06 -6.445688e+05 1.979975e+03 -2.408500e+02
2.35           -4.853902e+06 2.526168e+05 -1.619282e+06 -4.208762e+06 2.506381e+05 -1.619132e+06 -6.451396e+05 1.978655e+03 -1.497426e+02
2.4            -4.887276e+06 3.098883e+05 -1.612445e+06 -4.241469e+06 3.079079e+05 -1.612391e+06 -6.458074e+05 1.980460e+03 -5.426626e+01
2.45           -4.925117e+06 3.815098e+05 -1.600678e+06 -4.278571e+06 3.795311e+05 -1.600713e+06 -6.465454e+05 1.978628e+03 3.452990e+01
2.5            -4.962867e+06 4.387819e+05 -1.585692e+06 -4.315546e+06 4.368032e+05 -1.585811e+06 -6.473213e+05 1.978669e+03 1.193957e+02
2.55           -5.004947e+06 5.056787e+05 -1.575522e+06 -4.356879e+06 5.037060e+05 -1.575732e+06 -6.480683e+05 1.972670e+03 2.104849e+02
2.6            -5.046083e+06 5.726801e+05 -1.556193e+06 -4.397342e+06 5.707107e+05 -1.556494e+06 -6.487404e+05 1.969371e+03 3.009132e+02
2.65           -5.081919e+06 6.248809e+05 -1.539712e+06 -4.432643e+06 6.229199e+05 -1.540099e+06 -6.492754e+05 1.961008e+03 3.874361e+02
2.7            -5.114326e+06 6.983728e+05 -1.513278e+06 -4.464677e+06 6.964270e+05 -1.513755e+06 -6.496485e+05 1.945833e+03 4.772393e+02
2.75           -5.135725e+06 7.531113e+05 -1.483049e+06 -4.485871e+06 7.511781e+05 -1.483615e+06 -6.498541e+05 1.933183e+03 5.663698e+02
2.8            -5.149817e+06 8.208624e+05 -1.452926e+06 -4.499898e+06 8.189515e+05 -1.453580e+06 -6.499189e+05 1.910845e+03 6.539015e+02
2.85           -5.154185e+06 8.719627e+05 -1.424474e+06 -4.504313e+06 8.700715e+05 -1.425213e+06 -6.498718e+05 1.891213e+03 7.391953e+02
2.9            -5.153391e+06 9.363971e+05 -1.388385e+06 -4.503661e+06 9.345419e+05 -1.389207e+06 -6.497302e+05 1.855206e+03 8.223250e+02
2.95           -5.146315e+06 9.827175e+05 -1.349313e+06 -4.496787e+06 9.808889e+05 -1.350215e+06 -6.495282e+05 1.828654e+03 9.017571e+02
3              -5.140576e+06 1.041841e+06 -1.306910e+06 -4.491277e+06 1.040054e+06 -1.307891e+06 -6.492990e+05 1.787240e+03 9.805323e+02
3.05           -5.132220e+06 1.084051e+06 -1.261455e+06 -4.483142e+06 1.082302e+06 -1.262515e+06 -6.490780e+05 1.748598e+03 1.059762e+03
3.1            -5.126990e+06 1.136688e+06 -1.211188e+06 -4.478114e+06 1.134989e+06 -1.212325e+06 -6.488758e+05 1.698639e+03 1.136431e+03
3.15           -5.120612e+06 1.170363e+06 -1.165538e+06 -4.471907e+06 1.168715e+06 -1.166754e+06 -6.487057e+05 1.647893e+03 1.216279e+03
3.2            -5.117362e+06 1.224042e+06 -1.111751e+06 -4.468823e+06 1.222455e+06 -1.113040e+06 -6.485395e+05 1.587066e+03 1.288959e+03
3.25           -5.113696e+06 1.251780e+06 -1.063738e+06 -4.465281e+06 1.250249e+06 -1.065102e+06 -6.484145e+05 1.531485e+03 1.364255e+03
3.3            -5.113337e+06 1.300966e+06 -1.007122e+06 -4.465027e+06 1.299500e+06 -1.008554e+06 -6.483093e+05 1.465442e+03 1.432471e+03
3.35           -5.112972e+06 1.333641e+06 -9.587941e+05 -4.464744e+06 1.332240e+06 -9.602981e+05 -6.482280e+05 1.401104e+03 1.503981e+03
3.4            -5.116832e+06 1.375492e+06 -8.995747e+05 -4.468650e+06 1.374164e+06 -9.011414e+05 -6.481818e+05 1.328483e+03 1.566744e+03
3.45           -5.120052e+06 1.409652e+06 -8.459055e+05 -4.471881e+06 1.408388e+06 -8.475364e+05 -6.481713e+05 1.264301e+03 1.630877e+03
3.5            -5.126754e+06 1.447989e+06 -7.863056e+05 -4.478569e+06 1.446795e+06 -7.879943e+05 -6.481856e+05 1.194357e+03 1.688720e+03
3.55           -5.133830e+06 1.482678e+06 -7.277650e+05 -4.485568e+06 1.481534e+06 -7.295037e+05 -6.482621e+05 1.144015e+03 1.738681e+03
3.6            -5.144708e+06 1.533915e+06 -6.722344e+05 -4.496335e+06 1.532816e+06 -6.740226e+05 -6.483734e+05 1.098842e+03 1.788200e+03
3.65           -5.157815e+06 1.594649e+06 -6.133243e+05 -4.509275e+06 1.593566e+06 -6.151581e+05 -6.485398e+05 1.082862e+03 1.833790e+03
3.7            -5.176937e+06 1.680876e+06 -5.612610e+05 -4.528170e+06 1.679774e+06 -5.631325e+05 -6.487671e+05 1.102212e+03 1.871438e+03
3.75           -5.199266e+06 1.808912e+06 -5.051268e+05 -4.550215e+06 1.807731e+06 -5.070360e+05 -6.490512e+05 1.181031e+03 1.909175e+03
3.8            -5.224138e+06 1.990044e+06 -4.543148e+05 -4.574774e+06 1.988685e+06 -4.562565e+05 -6.493636e+05 1.358018e+03 1.941726e+03
3.85           -5.250154e+06 2.234956e+06 -3.866355e+05 -4.600538e+06 2.233301e+06 -3.886120e+05 -6.496159e+05 1.655283e+03 1.976531e+03
3.9            -5.264380e+06 2.508004e+06 -3.151207e+05 -4.614752e+06 2.505955e+06 -3.171415e+05 -6.496276e+05 2.048550e+03 2.020762e+03
3.95           -5.255676e+06 2.712817e+06 -2.093439e+05 -4.606462e+06 2.710407e+06 -2.114146e+05 -6.492133e+05 2.410464e+03 2.070659e+03
4              -5.217161e+06 2.711083e+06 -1.105594e+05 -4.568812e+06 2.708582e+06 -1.126858e+05 -6.483492e+05 2.501745e+03 2.126394e+03
4.05           -5.162581e+06 2.516291e+06 -8.491886e+03 -4.515201e+06 2.514034e+06 -1.065498e+04 -6.473796e+05 2.256654e+03 2.163090e+03
4.1            -5.112573e+06 2.258032e+06 5.400509e+04 -4.465939e+06 2.256193e+06 5.182613e+04 -6.466344e+05 1.838383e+03 2.178964e+03
4.15           -5.074405e+06 2.027743e+06 1.167020e+05 -4.428213e+06 2.026338e+06 1.145256e+05 -6.461924e+05 1.405749e+03 2.176380e+03
4.2            -5.046915e+06 1.848335e+06 1.604503e+05 -4.400944e+06 1.847297e+06 1.582847e+05 -6.459707e+05 1.038118e+03 2.165573e+03
4.25           -5.032422e+06 1.728573e+06 2.167057e+05 -4.386528e+06 1.727835e+06 2.145537e+05 -6.458939e+05 7.371992e+02 2.152013e+03
4.3            -5.024982e+06 1.647703e+06 2.718013e+05 -4.379071e+06 1.647203e+06 2.696557e+05 -6.459111e+05 5.001069e+02 2.145573e+03
4.35           -5.023257e+06 1.597033e+06 3.221769e+05 -4.377275e+06 1.596720e+06 3.200412e+05 -6.459812e+05 3.126895e+02 2.135737e+03
4.4            -4.396742e+06 1.504724e+06 4.391152e+05 -3.752469e+06 1.504182e+06 4.370413e+05 -6.442724e+05 5.415055e+02 2.073838e+03
4.45           -4.346325e+06 1.421942e+06 4.885642e+05 -3.701488e+06 1.421531e+06 4.864686e+05 -6.448365e+05 4.115789e+02 2.095620e+03
4.5            -4.313016e+06 1.411768e+06 5.530573e+05 -3.667777e+06 1.411470e+06 5.509361e+05 -6.452393e+05 2.984327e+02 2.121235e+03
4.55           -4.287077e+06 1.404507e+06 6.691931e+05 -3.641667e+06 1.404309e+06 6.670745e+05 -6.454104e+05 1.984409e+02 2.118572e+03
4.6            -4.262915e+06 1.379577e+06 7.391451e+05 -3.617299e+06 1.379468e+06 7.369916e+05 -6.456161e+05 1.088866e+02 2.153444e+03
4.65           -4.226505e+06 1.348277e+06 7.745242e+05 -3.580383e+06 1.348242e+06 7.723758e+05 -6.461216e+05 3.506858e+01 2.148460e+03
4.7            -4.200509e+06 1.298693e+06 9.647641e+05 -3.553940e+06 1.298734e+06 9.626424e+05 -6.465690e+05 -4.090134e+01 2.121754e+03
4.75           -4.192220e+06 1.244300e+06 1.134261e+06 -3.545415e+06 1.244431e+06 1.132107e+06 -6.468052e+05 -1.316570e+02 2.153777e+03
4.8            -4.187013e+06 1.186356e+06 1.225110e+06 -3.540061e+06 1.186585e+06 1.222923e+06 -6.469525e+05 -2.288352e+02 2.186270e+03
4.85           -4.185325e+06 1.137079e+06 1.284143e+06 -3.538232e+06 1.137407e+06 1.281941e+06 -6.470934e+05 -3.282442e+02 2.202064e+03
4.9            -4.187886e+06 1.090244e+06 1.330537e+06 -3.540658e+06 1.090668e+06 1.328334e+06 -6.472281e+05 -4.236394e+02 2.203232e+03
4.95           -4.193710e+06 1.037715e+06 1.370641e+06 -3.546356e+06 1.038233e+06 1.368438e+06 -6.473536e+05 -5.181139e+02 2.202829e+03
5              -4.203101e+06 9.923048e+05 1.398125e+06 -3.555637e+06 9.929197e+05 1.395933e+06 -6.474641e+05 -6.148963e+02 2.192285e+03
5.05           -4.214546e+06 9.450465e+05 1.420427e+06 -3.566960e+06 9.457544e+05 1.418255e+06 -6.475854e+05 -7.079490e+02 2.171754e+03
5.1            -4.227665e+06 8.989407e+05 1.439163e+06 -3.580032e+06 8.997465e+05 1.437005e+06 -6.476324e+05 -8.058484e+02 2.157825e+03
5.15           -4.235995e+06 8.599655e+05 1.437681e+06 -3.588175e+06 8.608576e+05 1.435554e+06 -6.478197e+05 -8.921090e+02 2.126575e+03
5.2            -4.243072e+06 8.040140e+05 1.470899e+06 -3.595033e+06 8.049805e+05 1.468819e+06 -6.480391e+05 -9.664830e+02 2.080578e+03
5.25           -4.252889e+06 7.398020e+05 1.515351e+06 -3.604717e+06 7.408533e+05 1.513302e+06 -6.481724e+05 -1.051326e+03 2.048259e+03
5.3            -4.262191e+06 6.853665e+05 1.537754e+06 -3.613920e+06 6.865060e+05 1.535737e+06 -6.482709e+05 -1.139515e+03 2.017227e+03
5.35           -4.264592e+06 6.314278e+05 1.548537e+06 -3.616171e+06 6.326434e+05 1.546560e+06 -6.484209e+05 -1.215589e+03 1.977630e+03
5.4            -4.270752e+06 5.594587e+05 1.595773e+06 -3.622216e+06 5.607497e+05 1.593842e+06 -6.485362e+05 -1.291011e+03 1.931026e+03
5.45           -4.277500e+06 4.932269e+05 1.620709e+06 -3.628920e+06 4.946010e+05 1.618812e+06 -6.485802e+05 -1.374033e+03 1.896268e+03
5.5            -4.279806e+06 4.383169e+05 1.631346e+06 -3.631179e+06 4.397700e+05 1.629491e+06 -6.486261e+05 -1.453093e+03 1.854244e+03
5.55           -4.281975e+06 3.700204e+05 1.661744e+06 -3.633282e+06 3.715429e+05 1.659949e+06 -6.486936e+05 -1.522497e+03 1.795433e+03
5.6            -4.284664e+06 2.904231e+05 1.683848e+06 -3.635941e+06 2.920212e+05 1.682097e+06 -6.487239e+05 -1.598110e+03 1.750668e+03
5.65           -4.289511e+06 2.265834e+05 1.705558e+06 -3.640794e+06 2.282597e+05 1.703861e+06 -6.487172e+05 -1.676277e+03 1.697009e+03
5.7            -4.290856e+06 1.565974e+05 1.713951e+06 -3.642111e+06 1.583423e+05 1.712311e+06 -6.487451e+05 -1.744850e+03 1.640088e+03
5.75           -4.293863e+06 7.287712e+04 1.732019e+06 -3.645092e+06 7.468850e+04 1.730436e+06 -6.487715e+05 -1.811387e+03 1.583057e+03
5.8            -4.299517e+06 -4.180720e+03 1.746407e+06 -3.650756e+06 -2.295310e+03 1.744883e+06 -6.487608e+05 -1.885409e+03 1.523785e+03
5.85           -4.300780e+06 -7.612921e+04 1.745491e+06 -3.651999e+06 -7.417709e+04 1.744027e+06 -6.487807e+05 -1.952120e+03 1.463758e+03
5.9            -4.304610e+06 -1.574238e+05 1.752680e+06 -3.655797e+06 -1.554115e+05 1.751285e+06 -6.488123e+05 -2.012303e+03 1.395763e+03
5.95           -4.308831e+06 -2.349244e+05 1.750479e+06 -3.659995e+06 -2.328455e+05 1.749148e+06 -6.488358e+05 -2.078915e+03 1.331325e+03
6              -4.310947e+06 -3.059902e+05 1.745759e+06 -3.662068e+06 -3.038550e+05 1.744497e+06 -6.488792e+05 -2.135219e+03 1.262124e+03
6.05           -4.316313e+06 -3.808600e+05 1.743900e+06 -3.667378e+06 -3.786747e+05 1.742713e+06 -6.489347e+05 -2.185245e+03 1.187776e+03
6.1            -4.320621e+06 -4.494298e+05 1.724723e+06 -3.671602e+06 -4.471950e+05 1.723606e+06 -6.490189e+05 -2.234874e+03 1.117127e+03
6.15           -4.328873e+06 -5.127398e+05 1.712373e+06 -3.679744e+06 -5.104706e+05 1.711337e+06 -6.491287e+05 -2.269174e+03 1.036169e+03
6.2            -4.339775e+06 -5.710874e+05 1.692008e+06 -3.690508e+06 -5.687939e+05 1.691054e+06 -6.492670e+05 -2.293522e+03 9.541725e+02
6.25           -4.352517e+06 -6.139597e+05 1.662099e+06 -3.703061e+06 -6.116610e+05 1.661229e+06 -6.494558e+05 -2.298754e+03 8.697530e+02
6.3            -4.370204e+06 -6.388299e+05 1.630260e+06 -3.720515e+06 -6.365569e+05 1.629478e+06 -6.496886e+05 -2.273060e+03 7.827113e+02
6.35           -4.390904e+06 -6.339493e+05 1.592500e+06 -3.740926e+06 -6.317433e+05 1.591806e+06 -6.499777e+05 -2.205912e+03 6.933288e+02
6.4            -4.419672e+06 -5.840478e+05 1.560958e+06 -3.769362e+06 -5.819822e+05 1.560362e+06 -6.503108e+05 -2.065641e+03 5.962615e+02
6.45           -4.451068e+06 -4.716054e+05 1.516118e+06 -3.800411e+06 -4.697732e+05 1.515609e+06 -6.506570e+05 -1.832287e+03 5.088057e+02
6.5            -4.482918e+06 -2.860058e+05 1.481927e+06 -3.831986e+06 -2.845305e+05 1.481506e+06 -6.509318e+05 -1.475296e+03 4.202199e+02
6.55           -4.506851e+06 -5.864634e+04 1.470270e+06 -3.855910e+06 -5.762816e+04 1.469928e+06 -6.509406e+05 -1.018175e+03 3.418542e+02
6.6            -4.503061e+06 9.983062e+04 1.461535e+06 -3.852560e+06 1.004289e+05 1.461254e+06 -6.505012e+05 -5.982926e+02 2.813223e+02
6.65           -4.467436e+06 4.507009e+04 1.468489e+06 -3.817814e+06 4.550402e+04 1.468273e+06 -6.496213e+05 -4.339357e+02 2.164360e+02
6.7            -4.412442e+06 -2.045566e+05 1.452992e+06 -3.763796e+06 -2.039621e+05 1.452852e+06 -6.486462e+05 -5.944331e+02 1.399157e+02
6.75           -4.360787e+06 -5.160787e+05 1.414874e+06 -3.712872e+06 -5.151665e+05 1.414833e+06 -6.479146e+05 -9.121832e+02 4.073784e+01
6.8            -4.323459e+06 -7.970497e+05 1.362064e+06 -3.675979e+06 -7.958166e+05 1.362131e+06 -6.474805e+05 -1.233065e+03 -6.644838e+01
6.85           -4.296158e+06 -1.017069e+06 1.293564e+06 -3.648886e+06 -1.015566e+06 1.293740e+06 -6.472720e+05 -1.503757e+03 -1.757441e+02
6.9            -4.282642e+06 -1.187356e+06 1.233920e+06 -3.635443e+06 -1.185658e+06 1.234212e+06 -6.471983e+05 -1.697266e+03 -2.913971e+02
6.95           -4.276726e+06 -1.301054e+06 1.173430e+06 -3.629527e+06 -1.299217e+06 1.173825e+06 -6.471992e+05 -1.837240e+03 -3.953044e+02
7              -4.274558e+06 -1.376715e+06 1.114707e+06 -3.627305e+06 -1.374784e+06 1.115204e+06 -6.472534e+05 -1.930780e+03 -4.975492e+02
7.05           -4.278103e+06 -1.433269e+06 1.064203e+06 -3.630756e+06 -1.431286e+06 1.064796e+06 -6.473466e+05 -1.982457e+03 -5.932707e+02
7.1            -4.281087e+06 -1.471755e+06 1.009317e+06 -3.633631e+06 -1.469744e+06 1.009997e+06 -6.474560e+05 -2.011319e+03 -6.807401e+02
7.15           -4.286977e+06 -1.511383e+06 9.577981e+05 -3.639411e+06 -1.509369e+06 9.585675e+05 -6.475656e+05 -2.014154e+03 -7.693360e+02
7.2            -4.291483e+06 -1.533438e+06 9.007121e+05 -3.643820e+06 -1.531429e+06 9.015618e+05 -6.476626e+05 -2.009392e+03 -8.496192e+02
7.25           -4.296233e+06 -1.545786e+06 8.429108e+05 -3.648472e+06 -1.543794e+06 8.438431e+05 -6.477612e+05 -1.992214e+03 -9.323230e+02
7.3            -4.302782e+06 -1.567292e+06 7.929736e+05 -3.654919e+06 -1.565331e+06 7.939830e+05 -6.478632e+05 -1.961216e+03 -1.009466e+03
7.35           -4.307029e+06 -1.582033e+06 7.357992e+05 -3.659064e+06 -1.580104e+06 7.368821e+05 -6.479646e+05 -1.928411e+03 -1.082895e+03
7.4            -4.313730e+06 -1.610248e+06 6.850942e+05 -3.665668e+06 -1.608366e+06 6.862506e+05 -6.480619e+05 -1.882016e+03 -1.156386e+03
7.45           -4.317931e+06 -1.626792e+06 6.286132e+05 -3.669768e+06 -1.624949e+06 6.298356e+05 -6.481626e+05 -1.843273e+03 -1.222447e+03
7.5            -4.321841e+06 -1.649558e+06 5.740853e+05 -3.673577e+06 -1.647761e+06 5.753737e+05 -6.482642e+05 -1.797162e+03 -1.288413e+03
7.55           -4.325968e+06 -1.672312e+06 5.164278e+05 -3.677606e+06 -1.670563e+06 5.177759e+05 -6.483626e+05 -1.748742e+03 -1.348106e+03
7.6            -4.328675e+06 -1.687571e+06 4.582247e+05 -3.680221e+06 -1.685867e+06 4.596324e+05 -6.484538e+05 -1.703514e+03 -1.407674e+03
7.65           -4.332714e+06 -1.711334e+06 3.987354e+05 -3.684166e+06 -1.709687e+06 4.001984e+05 -6.485472e+05 -1.647239e+03 -1.463010e+03
7.7            -4.335761e+06 -1.722185e+06 3.349203e+05 -3.687121e+06 -1.720591e+06 3.364359e+05 -6.486397e+05 -1.593826e+03 -1.515605e+03
7.75           -4.338438e+06 -1.731253e+06 2.691476e+05 -3.689713e+06 -1.729720e+06 2.707142e+05 -6.487248e+05 -1.533068e+03 -1.566549e+03
7.8            -4.343126e+06 -1.738183e+06 2.020473e+05 -3.694323e+06 -1.736712e+06 2.036617e+05 -6.488028e+05 -1.470495e+03 -1.614389e+03
7.85           -4.345846e+06 -1.731210e+06 1.392566e+05 -3.696960e+06 -1.729799e+06 1.409191e+05 -6.488865e+05 -1.411337e+03 -1.662476e+03
7.9            -4.351268e+06 -1.739873e+06 7.565373e+04 -3.702301e+06 -1.738532e+06 7.735973e+04 -6.489669e+05 -1.341129e+03 -1.706001e+03
7.95           -4.356218e+06 -1.739107e+06 1.097022e+04 -3.707171e+06 -1.737829e+06 1.271742e+04 -6.490462e+05 -1.277966e+03 -1.747192e+03
8              -4.361603e+06 -1.749950e+06 -5.137239e+04 -3.712490e+06 -1.748744e+06 -4.958815e+04 -6.491128e+05 -1.206325e+03 -1.784242e+03
8.05           -4.367815e+06 -1.753094e+06 -1.157468e+05 -3.718638e+06 -1.751957e+06 -1.139293e+05 -6.491771e+05 -1.136770e+03 -1.817467e+03
8.1            -4.372083e+06 -1.750118e+06 -1.786447e+05 -3.722837e+06 -1.749046e+06 -1.767938e+05 -6.492465e+05 -1.072106e+03 -1.850877e+03
8.15           -4.376761e+06 -1.752010e+06 -2.449295e+05 -3.727454e+06 -1.751007e+06 -2.430509e+05 -6.493076e+05 -1.002338e+03 -1.878528e+03
8.2            -4.379827e+06 -1.742921e+06 -3.086387e+05 -3.730459e+06 -1.741986e+06 -3.067332e+05 -6.493681e+05 -9.348632e+02 -1.905556e+03
8.25           -4.382543e+06 -1.733944e+06 -3.702193e+05 -3.733117e+06 -1.733081e+06 -3.682906e+05 -6.494264e+05 -8.625427e+02 -1.928684e+03
8.3            -4.384945e+06 -1.715798e+06 -4.299975e+05 -3.735459e+06 -1.715006e+06 -4.280504e+05 -6.494864e+05 -7.914707e+02 -1.947136e+03
8.35           -4.386278e+06 -1.697827e+06 -4.878417e+05 -3.736737e+06 -1.697107e+06 -4.858774e+05 -6.495410e+05 -7.200422e+02 -1.964337e+03
8.4            -4.388214e+06 -1.680817e+06 -5.480724e+05 -3.738626e+06 -1.680173e+06 -5.460976e+05 -6.495878e+05 -6.439449e+02 -1.974801e+03
8.45           -4.389927e+06 -1.656012e+06 -5.997681e+05 -3.740284e+06 -1.655437e+06 -5.977816e+05 -6.496425e+05 -5.750780e+02 -1.986505e+03
8.5            -4.391796e+06 -1.637675e+06 -6.536690e+05 -3.742095e+06 -1.637172e+06 -6.516754e+05 -6.497012e+05 -5.024662e+02 -1.993525e+03
8.55           -4.396523e+06 -1.620548e+06 -7.150027e+05 -3.746768e+06 -1.620123e+06 -7.130091e+05 -6.497546e+05 -4.254663e+02 -1.993588e+03
8.6            -4.399820e+06 -1.594676e+06 -7.682455e+05 -3.750006e+06 -1.594319e+06 -7.662461e+05 -6.498139e+05 -3.567510e+02 -1.999478e+03
8.65           -4.406627e+06 -1.577598e+06 -8.271014e+05 -3.756740e+06 -1.577319e+06 -8.251077e+05 -6.498864e+05 -2.794868e+02 -1.993759e+03
8.7            -4.411973e+06 -1.543308e+06 -8.828682e+05 -3.761986e+06 -1.543101e+06 -8.808745e+05 -6.499872e+05 -2.073852e+02 -1.993694e+03
8.75           -4.420301e+06 -1.512746e+06 -9.448123e+05 -3.770207e+06 -1.512620e+06 -9.428248e+05 -6.500943e+05 -1.252015e+02 -1.987469e+03
8.8            -4.431250e+06 -1.468517e+06 -1.000190e+06 -3.781021e+06 -1.468478e+06 -9.982106e+05 -6.502288e+05 -3.910324e+01 -1.979134e+03
8.85           -4.442712e+06 -1.410280e+06 -1.051104e+06 -3.792314e+06 -1.410337e+06 -1.049130e+06 -6.503975e+05 5.690213e+01 -1.973389e+03
8.9            -4.457672e+06 -1.345433e+06 -1.109451e+06 -3.807064e+06 -1.345608e+06 -1.107492e+06 -6.506084e+05 1.752711e+02 -1.958993e+03
8.95           -4.475337e+06 -1.255123e+06 -1.164232e+06 -3.824480e+06 -1.255440e+06 -1.162284e+06 -6.508568e+05 3.163966e+02 -1.948851e+03
9              -4.497566e+06 -1.133551e+06 -1.219542e+06 -3.846413e+06 -1.134054e+06 -1.217604e+06 -6.511530e+05 5.031305e+02 -1.937880e+03
9.05           -4.526016e+06 -9.686956e+05 -1.272932e+06 -3.874525e+06 -9.694546e+05 -1.271014e+06 -6.514914e+05 7.590676e+02 -1.918539e+03
9.1            -4.557696e+06 -7.339246e+05 -1.321442e+06 -3.905858e+06 -7.350349e+05 -1.319542e+06 -6.518383e+05 1.110359e+03 -1.900075e+03
9.15           -4.590410e+06 -4.376207e+05 -1.369672e+06 -3.938333e+06 -4.392036e+05 -1.367807e+06 -6.520765e+05 1.582903e+03 -1.865092e+03
9.2            -4.612135e+06 -1.059980e+05 -1.388904e+06 -3.960101e+06 -1.081347e+05 -1.387081e+06 -6.520333e+05 2.136672e+03 -1.822957e+03
9.25           -4.607123e+06 1.389126e+05 -1.392897e+06 -3.955596e+06 1.362870e+05 -1.391137e+06 -6.515266e+05 2.625576e+03 -1.760748e+03
9.3            -4.580562e+06 1.737320e+05 -1.394410e+06 -3.929898e+06 1.709021e+05 -1.392715e+06 -6.506638e+05 2.829963e+03 -1.694636e+03
9.35           -4.532287e+06 3.152772e+04 -1.398710e+06 -3.882608e+06 2.881873e+04 -1.397071e+06 -6.496797e+05 2.708992e+03 -1.638308e+03
9.4            -4.478112e+06 -1.559530e+05 -1.423173e+06 -3.829144e+06 -1.583991e+05 -1.421568e+06 -6.489689e+05 2.446096e+03 -1.604837e+03
9.45           -4.444619e+06 -3.096947e+05 -1.457584e+06 -3.796094e+06 -3.118794e+05 -1.456014e+06 -6.485250e+05 2.184663e+03 -1.570666e+03
9.5            -4.415072e+06 -4.115474e+05 -1.508232e+06 -3.766771e+06 -4.135273e+05 -1.506687e+06 -6.483005e+05 1.979941e+03 -1.545555e+03
9.55           -4.400036e+06 -4.433772e+05 -1.530085e+06 -3.751827e+06 -4.452132e+05 -1.528561e+06 -6.482094e+05 1.836058e+03 -1.524455e+03
9.6            -4.377833e+06 -4.447017e+05 -1.564302e+06 -3.729693e+06 -4.464457e+05 -1.562814e+06 -6.481401e+05 1.743976e+03 -1.487417e+03
9.65           -4.371912e+06 -4.092754e+05 -1.578346e+06 -3.723726e+06 -4.109702e+05 -1.576896e+06 -6.481858e+05 1.694769e+03 -1.450288e+03
9.7            -4.370453e+06 -3.570709e+05 -1.588299e+06 -3.722210e+06 -3.587496e+05 -1.586898e+06 -6.482436e+05 1.678704e+03 -1.401295e+03
9.75           -4.371609e+06 -2.938378e+05 -1.601518e+06 -3.723301e+06 -2.955203e+05 -1.600179e+06 -6.483077e+05 1.682484e+03 -1.339426e+03
9.8            -4.373759e+06 -2.241769e+05 -1.595731e+06 -3.725372e+06 -2.258751e+05 -1.594451e+06 -6.483879e+05 1.698246e+03 -1.280744e+03
9.85           -4.378111e+06 -1.529420e+05 -1.596646e+06 -3.729641e+06 -1.546648e+05 -1.595438e+06 -6.484707e+05 1.722790e+03 -1.208580e+03
9.9            -4.382653e+06 -8.038921e+04 -1.592499e+06 -3.734097e+06 -8.214198e+04 -1.591359e+06 -6.485566e+05 1.752771e+03 -1.139319e+03
9.95           -4.389032e+06 -9.156546e+03 -1.588722e+06 -3.740398e+06 -1.094261e+04 -1.587660e+06 -6.486338e+05 1.786059e+03 -1.062300e+03
10             -4.394276e+06 6.446980e+04 -1.578953e+06 -3.745561e+06 6.265335e+04 -1.577971e+06 -6.487148e+05 1.816451e+03 -9.824416e+02
10.05          -4.400007e+06 1.368202e+05 -1.568690e+06 -3.751209e+06 1.349703e+05 -1.567786e+06 -6.487982e+05 1.849822e+03 -9.042327e+02
10.1           -4.404688e+06 2.072950e+05 -1.559611e+06 -3.755810e+06 2.054133e+05 -1.558788e+06 -6.488784e+05 1.881688e+03 -8.236926e+02
10.15          -4.408548e+06 2.763813e+05 -1.542743e+06 -3.759585e+06 2.744708e+05 -1.541999e+06 -6.489625e+05 1.910497e+03 -7.438018e+02
10.2           -4.410971e+06 3.369408e+05 -1.522516e+06 -3.761923e+06 3.350021e+05 -1.521855e+06 -6.490477e+05 1.938714e+03 -6.606432e+02
10.25          -4.413264e+06 3.972854e+05 -1.507173e+06 -3.764143e+06 3.953279e+05 -1.506602e+06 -6.491217e+05 1.957482e+03 -5.704331e+02
10.3           -4.414402e+06 4.519677e+05 -1.475039e+06 -3.765207e+06 4.499916e+05 -1.474552e+06 -6.491949e+05 1.976154e+03 -4.872589e+02
10.35          -4.416436e+06 5.050561e+05 -1.446634e+06 -3.767175e+06 5.030686e+05 -1.446237e+06 -6.492612e+05 1.987510e+03 -3.974200e+02
10.4           -4.419131e+06 5.609295e+05 -1.414826e+06 -3.769805e+06 5.589347e+05 -1.414519e+06 -6.493256e+05 1.994735e+03 -3.063159e+02
10.45          -4.421976e+06 6.150690e+05 -1.378644e+06 -3.772581e+06 6.130669e+05 -1.378429e+06 -6.493951e+05 2.002125e+03 -2.151060e+02
10.5           -4.427728e+06 6.742116e+05 -1.353568e+06 -3.778264e+06 6.722072e+05 -1.353447e+06 -6.494641e+05 2.004336e+03 -1.202824e+02
10.55          -4.430040e+06 7.248449e+05 -1.314863e+06 -3.780504e+06 7.228370e+05 -1.314831e+06 -6.495357e+05 2.007877e+03 -3.194981e+01
10.6           -4.434136e+06 7.793387e+05 -1.288432e+06 -3.784541e+06 7.773389e+05 -1.288497e+06 -6.495958e+05 1.999716e+03 6.430445e+01
10.65          -4.436631e+06 8.302467e+05 -1.253274e+06 -3.786973e+06 8.282537e+05 -1.253428e+06 -6.496576e+05 1.993058e+03 1.542255e+02
10.7           -4.439290e+06 8.818900e+05 -1.218439e+06 -3.789576e+06 8.799054e+05 -1.218685e+06 -6.497144e+05 1.984567e+03 2.459138e+02
10.75          -4.441820e+06 9.322199e+05 -1.179073e+06 -3.792038e+06 9.302515e+05 -1.179408e+06 -6.497820e+05 1.968425e+03 3.352643e+02
10.8           -4.441847e+06 9.733236e+05 -1.132545e+06 -3.791993e+06 9.713722e+05 -1.132969e+06 -6.498537e+05 1.951419e+03 4.242243e+02
10.85          -4.442695e+06 1.014951e+06 -1.086524e+06 -3.792782e+06 1.013023e+06 -1.087041e+06 -6.499134e+05 1.927887e+03 5.173618e+02
10.9           -4.442835e+06 1.047363e+06 -1.032923e+06 -3.792868e+06 1.045460e+06 -1.033526e+06 -6.499668e+05 1.902503e+03 6.035858e+02
10.95          -4.443044e+06 1.079756e+06 -9.845562e+05 -3.793022e+06 1.077884e+06 -9.852523e+05 -6.500222e+05 1.872109e+03 6.960774e+02
11             -4.444830e+06 1.114358e+06 -9.359312e+05 -3.794757e+06 1.112524e+06 -9.367153e+05 -6.500734e+05 1.834014e+03 7.840863e+02
11.05          -4.446803e+06 1.142260e+06 -8.800552e+05 -3.796680e+06 1.140462e+06 -8.809209e+05 -6.501222e+05 1.798315e+03 8.656783e+02
11.1           -4.451820e+06 1.177403e+06 -8.320691e+05 -3.801649e+06 1.175652e+06 -8.330241e+05 -6.501717e+05 1.751333e+03 9.549712e+02
11.15          -4.456347e+06 1.202454e+06 -7.743659e+05 -3.806111e+06 1.200748e+06 -7.754006e+05 -6.502355e+05 1.706048e+03 1.034659e+03
11.2           -4.462339e+06 1.235338e+06 -7.207758e+05 -3.812034e+06 1.233682e+06 -7.218902e+05 -6.503057e+05 1.655878e+03 1.114388e+03
11.25          -4.467626e+06 1.267620e+06 -6.620414e+05 -3.817246e+06 1.266015e+06 -6.632360e+05 -6.503801e+05 1.605113e+03 1.194660e+03
11.3           -4.472935e+06 1.294157e+06 -6.044048e+05 -3.822480e+06 1.292601e+06 -6.056793e+05 -6.504548e+05 1.555766e+03 1.274522e+03
11.35          -4.480690e+06 1.320170e+06 -5.550429e+05 -3.830144e+06 1.318668e+06 -5.563911e+05 -6.505458e+05 1.501827e+03 1.348240e+03
11.4           -4.488092e+06 1.341943e+06 -4.946286e+05 -3.837414e+06 1.340493e+06 -4.960454e+05 -6.506782e+05 1.449339e+03 1.416869e+03
11.45          -4.496230e+06 1.369682e+06 -4.346146e+05 -3.845403e+06 1.368280e+06 -4.360997e+05 -6.508270e+05 1.402189e+03 1.485174e+03
11.5           -4.506434e+06 1.404586e+06 -3.747477e+05 -3.855444e+06 1.403223e+06 -3.762973e+05 -6.509891e+05 1.363932e+03 1.549530e+03
11.55          -4.515804e+06 1.433883e+06 -3.178933e+05 -3.864610e+06 1.432540e+06 -3.195040e+05 -6.511938e+05 1.343442e+03 1.610742e+03
11.6           -4.530553e+06 1.494796e+06 -2.705186e+05 -3.879115e+06 1.493453e+06 -2.721851e+05 -6.514379e+05 1.342956e+03 1.666519e+03
11.65          -4.547834e+06 1.579571e+06 -2.177143e+05 -3.896106e+06 1.578184e+06 -2.194305e+05 -6.517286e+05 1.386204e+03 1.716230e+03
11.7           -4.570609e+06 1.708227e+06 -1.698946e+05 -3.918568e+06 1.706733e+06 -1.716595e+05 -6.520414e+05 1.494296e+03 1.764928e+03
11.75          -4.596701e+06 1.892002e+06 -1.183955e+05 -3.944345e+06 1.890301e+06 -1.202069e+05 -6.523566e+05 1.700609e+03 1.811415e+03
11.8           -4.623384e+06 2.145322e+06 -5.901201e+04 -3.970809e+06 2.143306e+06 -6.087401e+04 -6.525753e+05 2.016294e+03 1.862001e+03
11.85          -4.638265e+06 2.422843e+06 2.073298e+04 -3.985759e+06 2.420439e+06 1.881082e+04 -6.525060e+05 2.403999e+03 1.922153e+03
11.9           -4.628844e+06 2.618258e+06 1.237159e+05 -3.976888e+06 2.615543e+06 1.217257e+05 -6.519560e+05 2.715199e+03 1.990263e+03
11.95          -4.587683e+06 2.562024e+06 2.253365e+05 -3.936677e+06 2.559295e+06 2.232794e+05 -6.510061e+05 2.729176e+03 2.057052e+03
12             -4.535021e+06 2.340183e+06 3.085341e+05 -3.884961e+06 2.337740e+06 3.064321e+05 -6.500594e+05 2.442967e+03 2.102024e+03
12.05          -4.489821e+06 2.094019e+06 3.737407e+05 -3.840434e+06 2.091980e+06 3.716146e+05 -6.493865e+05 2.038742e+03 2.126081e+03
12.1           -4.457674e+06 1.885113e+06 4.305469e+05 -3.808697e+06 1.883465e+06 4.284090e+05 -6.489764e+05 1.647952e+03 2.137965e+03
12.15          -4.436678e+06 1.724138e+06 4.836160e+05 -3.787927e+06 1.722816e+06 4.814707e+05 -6.487503e+05 1.321906e+03 2.145332e+03
12.2           -4.424642e+06 1.613924e+06 5.324976e+05 -3.775991e+06 1.612870e+06 5.303432e+05 -6.486504e+05 1.054056e+03 2.154448e+03
12.25          -4.420102e+06 1.545903e+06 5.880953e+05 -3.771474e+06 1.545069e+06 5.859353e+05 -6.486278e+05 8.334432e+02 2.160013e+03
12.3           -4.418526e+06 1.489473e+06 6.429686e+05 -3.769880e+06 1.488812e+06 6.407997e+05 -6.486458e+05 6.611173e+02 2.168927e+03
12.35          -4.420049e+06 1.456349e+06 7.036821e+05 -3.771372e+06 1.455841e+06 7.015068e+05 -6.486775e+05 5.074108e+02 2.175263e+03
12.4           -4.423244e+06 1.426016e+06 7.644235e+05 -3.774517e+06 1.425638e+06 7.622392e+05 -6.487268e+05 3.783022e+02 2.184231e+03
12.45          -4.428481e+06 1.397493e+06 8.233172e+05 -3.779685e+06 1.397230e+06 8.211219e+05 -6.487964e+05 2.628137e+02 2.195285e+03
12.5           -4.433968e+06 1.367604e+06 8.896108e+05 -3.785090e+06 1.367450e+06 8.874079e+05 -6.488781e+05 1.539335e+02 2.202925e+03
12.55          -4.437201e+06 1.336202e+06 9.503743e+05 -3.788240e+06 1.336153e+06 9.481674e+05 -6.489617e+05 4.877185e+01 2.206855e+03
12.6           -4.440822e+06 1.306076e+06 1.012714e+06 -3.791786e+06 1.306131e+06 1.010504e+06 -6.490353e+05 -5.565784e+01 2.209989e+03
12.65          -4.442502e+06 1.269991e+06 1.070634e+06 -3.793388e+06 1.270142e+06 1.068418e+06 -6.491137e+05 -1.510926e+02 2.215953e+03
12.7           -4.444859e+06 1.239470e+06 1.126925e+06 -3.795661e+06 1.239717e+06 1.124710e+06 -6.491977e+05 -2.465917e+02 2.214065e+03
12.75          -4.444929e+06 1.190069e+06 1.175983e+06 -3.795642e+06 1.190400e+06 1.173771e+06 -6.492862e+05 -3.308144e+02 2.212408e+03
12.8           -4.443911e+06 1.144726e+06 1.227164e+06 -3.794542e+06 1.145149e+06 1.224958e+06 -6.493692e+05 -4.227419e+02 2.205732e+03
12.85          -4.445445e+06 1.094083e+06 1.273044e+06 -3.796006e+06 1.094597e+06 1.270849e+06 -6.494384e+05 -5.145409e+02 2.194800e+03
12.9           -4.444320e+06 1.036332e+06 1.311969e+06 -3.794802e+06 1.036934e+06 1.309787e+06 -6.495182e+05 -6.018861e+02 2.182175e+03
12.95          -4.444384e+06 9.803011e+05 1.354437e+06 -3.794799e+06 9.809910e+05 1.352270e+06 -6.495848e+05 -6.898893e+02 2.166431e+03
13             -4.444229e+06 9.216232e+05 1.391812e+06 -3.794585e+06 9.224007e+05 1.389665e+06 -6.496432e+05 -7.775160e+02 2.147063e+03
13.05          -4.443196e+06 8.644581e+05 1.427791e+06 -3.793500e+06 8.653233e+05 1.425667e+06 -6.496961e+05 -8.652390e+02 2.124038e+03
13.1           -4.447621e+06 8.129325e+05 1.469412e+06 -3.797872e+06 8.138862e+05 1.467318e+06 -6.497484e+05 -9.537153e+02 2.093812e+03
13.15          -4.450029e+06 7.530601e+05 1.504818e+06 -3.800209e+06 7.540942e+05 1.502755e+06 -6.498203e+05 -1.034142e+03 2.062509e+03
13.2           -4.454599e+06 6.927662e+05 1.547808e+06 -3.804716e+06 6.938862e+05 1.545779e+06 -6.498829e+05 -1.120071e+03 2.028278e+03
13.25          -4.457578e+06 6.259451e+05 1.581597e+06 -3.807634e+06 6.271481e+05 1.579601e+06 -6.499439e+05 -1.202991e+03 1.996815e+03
13.3           -4.461506e+06 5.689075e+05 1.621275e+06 -3.811510e+06 5.701919e+05 1.619316e+06 -6.499960e+05 -1.284418e+03 1.958645e+03
13.35          -4.464873e+06 5.046782e+05 1.646128e+06 -3.814812e+06 5.060419e+05 1.644207e+06 -6.500614e+05 -1.363698e+03 1.920741e+03
13.4           -4.467404e+06 4.372392e+05 1.673045e+06 -3.817272e+06 4.386798e+05 1.671169e+06 -6.501323e+05 -1.440610e+03 1.876232e+03
13.45          -4.469124e+06 3.700627e+05 1.699687e+06 -3.818934e+06 3.715828e+05 1.697858e+06 -6.501899e+05 -1.520069e+03 1.828583e+03
13.5           -4.471715e+06 2.979184e+05 1.716094e+06 -3.821468e+06 2.995105e+05 1.714309e+06 -6.502474e+05 -1.592180e+03 1.784838e+03
13.55          -4.472465e+06 2.258158e+05 1.727727e+06 -3.822147e+06 2.274810e+05 1.725991e+06 -6.503180e+05 -1.665249e+03 1.735294e+03
13.6           -4.474617e+06 1.508581e+05 1.734104e+06 -3.824241e+06 1.525933e+05 1.732423e+06 -6.503760e+05 -1.735233e+03 1.681019e+03
13.65          -4.475908e+06 7.729741e+04 1.740455e+06 -3.825474e+06 7.910285e+04 1.738837e+06 -6.504339e+05 -1.805441e+03 1.618461e+03
13.7           -4.478424e+06 7.312924e+03 1.750724e+06 -3.827941e+06 9.188063e+03 1.749169e+06 -6.504825e+05 -1.875138e+03 1.555014e+03
13.75          -4.481624e+06 -6.254203e+04 1.753827e+06 -3.831087e+06 -6.060300e+04 1.752331e+06 -6.505371e+05 -1.939025e+03 1.495911e+03
13.8           -4.483558e+06 -1.309900e+05 1.761057e+06 -3.832942e+06 -1.289893e+05 1.759627e+06 -6.506159e+05 -2.000683e+03 1.430150e+03
13.85          -4.487942e+06 -2.014281e+05 1.763586e+06 -3.837253e+06 -1.993707e+05 1.762225e+06 -6.506895e+05 -2.057389e+03 1.360563e+03
13.9           -4.493054e+06 -2.742263e+05 1.771464e+06 -3.842287e+06 -2.721151e+05 1.770173e+06 -6.507677e+05 -2.111151e+03 1.290774e+03
13.95          -4.498530e+06 -3.418456e+05 1.773969e+06 -3.847677e+06 -3.396828e+05 1.772747e+06 -6.508527e+05 -2.162790e+03 1.221883e+03
14             -4.503229e+06 -4.081210e+05 1.763400e+06 -3.852269e+06 -4.059135e+05 1.762253e+06 -6.509597e+05 -2.207464e+03 1.146228e+03
14.05          -4.508720e+06 -4.701112e+05 1.751923e+06 -3.857634e+06 -4.678663e+05 1.750849e+06 -6.510855e+05 -2.244931e+03 1.073508e+03
14.1           -4.516360e+06 -5.260756e+05 1.733350e+06 -3.865139e+06 -5.238021e+05 1.732351e+06 -6.512214e+05 -2.273493e+03 9.989128e+02
14.15          -4.526663e+06 -5.741625e+05 1.706437e+06 -3.875284e+06 -5.718785e+05 1.705522e+06 -6.513785e+05 -2.284046e+03 9.155689e+02
14.2           -4.541745e+06 -6.077711e+05 1.677185e+06 -3.890172e+06 -6.054967e+05 1.676357e+06 -6.515726e+05 -2.274397e+03 8.280230e+02
14.25          -4.559744e+06 -6.204817e+05 1.630668e+06 -3.907931e+06 -6.182510e+05 1.629927e+06 -6.518125e+05 -2.230701e+03 7.410153e+02
14.3           -4.582435e+06 -6.035136e+05 1.594524e+06 -3.930335e+06 -6.013775e+05 1.593880e+06 -6.521004e+05 -2.136190e+03 6.440466e+02
14.35          -4.611078e+06 -5.384924e+05 1.553456e+06 -3.958672e+06 -5.365205e+05 1.552907e+06 -6.524061e+05 -1.971909e+03 5.485737e+02
14.4           -4.643450e+06 -4.074592e+05 1.516961e+06 -3.990746e+06 -4.057510e+05 1.516503e+06 -6.527037e+05 -1.708164e+03 4.579840e+02
14.45          -4.674450e+06 -2.105081e+05 1.490754e+06 -4.021560e+06 -2.091846e+05 1.490381e+06 -6.528907e+05 -1.323476e+03 3.725594e+02
14.5           -4.692017e+06 5.105676e+02 1.478361e+06 -4.039251e+06 1.372359e+03 1.478060e+06 -6.527661e+05 -8.617917e+02 3.005706e+02
14.55          -4.679943e+06 9.954669e+04 1.486987e+06 -4.027773e+06 1.000402e+05 1.486751e+06 -6.521699e+05 -4.934660e+02 2.350908e+02
14.6           -4.637476e+06 -2.397810e+04 1.489264e+06 -3.986271e+06 -2.355109e+04 1.489094e+06 -6.512054e+05 -4.270124e+02 1.690780e+02
14.65          -4.580983e+06 -3.051557e+05 1.469777e+06 -3.930724e+06 -3.045018e+05 1.469689e+06 -6.502597e+05 -6.539293e+02 8.796212e+01
14.7           -4.530303e+06 -6.073710e+05 1.429412e+06 -3.880717e+06 -6.063878e+05 1.429423e+06 -6.495861e+05 -9.831261e+02 -1.113826e+01
14.75          -4.490870e+06 -8.603212e+05 1.368659e+06 -3.841688e+06 -8.590309e+05 1.368776e+06 -6.491827e+05 -1.290353e+03 -1.165683e+02
14.8           -4.463357e+06 -1.055208e+06 1.305282e+06 -3.814386e+06 -1.053676e+06 1.305509e+06 -6.489713e+05 -1.531452e+03 -2.260976e+02
14.85          -4.446842e+06 -1.193834e+06 1.238711e+06 -3.797962e+06 -1.192131e+06 1.239043e+06 -6.488793e+05 -1.702369e+03 -3.324918e+02
14.9           -4.435799e+06 -1.296764e+06 1.176546e+06 -3.786938e+06 -1.294951e+06 1.176982e+06 -6.488612e+05 -1.813119e+03 -4.354397e+02
14.95          -4.430398e+06 -1.372978e+06 1.117525e+06 -3.781526e+06 -1.371091e+06 1.118059e+06 -6.488723e+05 -1.886308e+03 -5.337524e+02
15             -4.428965e+06 -1.423573e+06 1.063376e+06 -3.780064e+06 -1.421641e+06 1.063999e+06 -6.489007e+05 -1.932377e+03 -6.237277e+02
15.05          -4.429402e+06 -1.466177e+06 1.015974e+06 -3.780455e+06 -1.464224e+06 1.016686e+06 -6.489462e+05 -1.952919e+03 -7.120596e+02
15.1           -4.432505e+06 -1.496028e+06 9.714387e+05 -3.783508e+06 -1.494070e+06 9.722329e+05 -6.489968e+05 -1.958225e+03 -7.941788e+02
15.15          -4.436370e+06 -1.521096e+06 9.224721e+05 -3.787310e+06 -1.519149e+06 9.233416e+05 -6.490602e+05 -1.946886e+03 -8.695687e+02
15.2           -4.441197e+06 -1.550869e+06 8.741061e+05 -3.792061e+06 -1.548948e+06 8.750571e+05 -6.491359e+05 -1.921244e+03 -9.510436e+02
15.25          -4.444693e+06 -1.571451e+06 8.243042e+05 -3.795498e+06 -1.569558e+06 8.253250e+05 -6.491950e+05 -1.892733e+03 -1.020712e+03
15.3           -4.449631e+06 -1.591571e+06 7.760179e+05 -3.800379e+06 -1.589712e+06 7.771075e+05 -6.492516e+05 -1.858264e+03 -1.089555e+03
15.35          -4.455109e+06 -1.600901e+06 7.239852e+05 -3.805781e+06 -1.599079e+06 7.251438e+05 -6.493274e+05 -1.821811e+03 -1.158686e+03
15.4           -4.458020e+06 -1.611738e+06 6.680257e+05 -3.808613e+06 -1.609960e+06 6.692442e+05 -6.494068e+05 -1.778721e+03 -1.218434e+03
15.45          -4.461722e+06 -1.630440e+06 6.117207e+05 -3.812248e+06 -1.628709e+06 6.130008e+05 -6.494735e+05 -1.730799e+03 -1.280153e+03
15.5           -4.464328e+06 -1.643634e+06 5.524648e+05 -3.814796e+06 -1.641954e+06 5.538037e+05 -6.495323e+05 -1.680322e+03 -1.338875e+03
15.55          -4.466261e+06 -1.659233e+06 4.938399e+05 -3.816663e+06 -1.657606e+06 4.952352e+05 -6.495987e+05 -1.626594e+03 -1.395304e+03
15.6           -4.469220e+06 -1.679011e+06 4.346857e+05 -3.819558e+06 -1.677441e+06 4.361341e+05 -6.496617e+05 -1.569132e+03 -1.448339e+03
15.65          -4.470965e+06 -1.695640e+06 3.710777e+05 -3.821240e+06 -1.694128e+06 3.725749e+05 -6.497250e+05 -1.511637e+03 -1.497198e+03
15.7           -4.471638e+06 -1.708775e+06 3.090877e+05 -3.821858e+06 -1.707321e+06 3.106354e+05 -6.497802e+05 -1.454015e+03 -1.547694e+03
15.75          -4.472704e+06 -1.714706e+06 2.461397e+05 -3.822870e+06 -1.713311e+06 2.477337e+05 -6.498346e+05 -1.394595e+03 -1.593992e+03
15.8           -4.473852e+06 -1.726401e+06 1.841212e+05 -3.823961e+06 -1.725075e+06 1.857609e+05 -6.498916e+05 -1.326198e+03 -1.639699e+03
15.85          -4.474881e+06 -1.732991e+06 1.218727e+05 -3.824936e+06 -1.731728e+06 1.235547e+05 -6.499457e+05 -1.262185e+03 -1.682031e+03
15.9           -4.476244e+06 -1.741344e+06 5.998139e+04 -3.826241e+06 -1.740148e+06 6.170069e+04 -6.500037e+05 -1.195623e+03 -1.719301e+03
15.95          -4.477157e+06 -1.748872e+06 5.805924e+02 -3.827088e+06 -1.747741e+06 2.334954e+03 -6.500688e+05 -1.130142e+03 -1.754361e+03
16             -4.476507e+06 -1.745040e+06 -6.065548e+04 -3.826370e+06 -1.743972e+06 -5.887054e+04 -6.501368e+05 -1.068701e+03 -1.784941e+03
16.05          -4.477391e+06 -1.752191e+06 -1.235056e+05 -3.827191e+06 -1.751191e+06 -1.216914e+05 -6.502001e+05 -1.000286e+03 -1.814150e+03
16.1           -4.478635e+06 -1.747567e+06 -1.844602e+05 -3.828382e+06 -1.746632e+06 -1.826201e+05 -6.502535e+05 -9.350662e+02 -1.840060e+03
16.15          -4.478441e+06 -1.736346e+06 -2.453495e+05 -3.828128e+06 -1.735477e+06 -2.434872e+05 -6.503129e+05 -8.691084e+02 -1.862352e+03
16.2           -4.479930e+06 -1.731509e+06 -3.061992e+05 -3.829564e+06 -1.730715e+06 -3.043171e+05 -6.503655e+05 -7.939701e+02 -1.882107e+03
16.25          -4.481922e+06 -1.714500e+06 -3.659718e+05 -3.831503e+06 -1.713774e+06 -3.640727e+05 -6.504187e+05 -7.262767e+02 -1.899107e+03
16.3           -4.483912e+06 -1.696027e+06 -4.251195e+05 -3.833433e+06 -1.695372e+06 -4.232073e+05 -6.504786e+05 -6.547144e+02 -1.912241e+03
16.35          -4.486973e+06 -1.677128e+06 -4.849260e+05 -3.836437e+06 -1.676547e+06 -4.830044e+05 -6.505352e+05 -5.804634e+02 -1.921622e+03
16.4           -4.491141e+06 -1.657858e+06 -5.452620e+05 -3.840548e+06 -1.657353e+06 -5.433353e+05 -6.505933e+05 -5.049111e+02 -1.926634e+03
16.45          -4.495382e+06 -1.636748e+06 -6.044504e+05 -3.844722e+06 -1.636316e+06 -6.025176e+05 -6.506604e+05 -4.315321e+02 -1.932806e+03
16.5           -4.499852e+06 -1.615827e+06 -6.663998e+05 -3.849123e+06 -1.615470e+06 -6.644645e+05 -6.507293e+05 -3.569119e+02 -1.935322e+03
16.55          -4.504975e+06 -1.597314e+06 -7.295244e+05 -3.854171e+06 -1.597035e+06 -7.275891e+05 -6.508036e+05 -2.788679e+02 -1.935281e+03
16.6           -4.510541e+06 -1.567536e+06 -7.844904e+05 -3.859649e+06 -1.567329e+06 -7.825556e+05 -6.508922e+05 -2.073728e+02 -1.934739e+03
16.65          -4.515925e+06 -1.534192e+06 -8.444867e+05 -3.864925e+06 -1.534063e+06 -8.425542e+05 -6.509997e+05 -1.290316e+02 -1.932507e+03
16.7           -4.522709e+06 -1.498618e+06 -9.048191e+05 -3.871589e+06 -1.498575e+06 -9.028918e+05 -6.511201e+05 -4.283617e+01 -1.927291e+03
16.75          -4.530107e+06 -1.443638e+06 -9.557259e+05 -3.878843e+06 -1.443682e+06 -9.538042e+05 -6.512640e+05 4.467876e+01 -1.921652e+03
16.8           -4.539373e+06 -1.384626e+06 -1.011633e+06 -3.887938e+06 -1.384778e+06 -1.009723e+06 -6.514352e+05 1.524178e+02 -1.910506e+03
16.85          -4.552166e+06 -1.309455e+06 -1.066705e+06 -3.900528e+06 -1.309733e+06 -1.064807e+06 -6.516379e+05 2.777143e+02 -1.897762e+03
16.9           -4.568679e+06 -1.210712e+06 -1.122261e+06 -3.916801e+06 -1.211143e+06 -1.120375e+06 -6.518781e+05 4.305216e+02 -1.885959e+03
16.95          -4.590303e+06 -1.082538e+06 -1.179604e+06 -3.938140e+06 -1.083173e+06 -1.177730e+06 -6.521636e+05 6.357091e+02 -1.873242e+03
17             -4.616449e+06 -9.026479e+05 -1.230893e+06 -3.963971e+06 -9.035594e+05 -1.229036e+06 -6.524789e+05 9.114466e+02 -1.856391e+03
17.05          -4.647157e+06 -6.599698e+05 -1.285353e+06 -3.994367e+06 -6.612639e+05 -1.283522e+06 -6.527891e+05 1.294093e+03 -1.830848e+03
17.1           -4.676260e+06 -3.532592e+05 -1.333164e+06 -4.023311e+06 -3.550502e+05 -1.331367e+06 -6.529491e+05 1.791001e+03 -1.796312e+03
17.15          -4.689010e+06 -3.811319e+04 -1.354109e+06 -4.036258e+06 -4.045357e+04 -1.352362e+06 -6.527522e+05 2.340374e+03 -1.747152e+03
17.2           -4.672665e+06 1.501254e+05 -1.354204e+06 -4.020579e+06 1.473639e+05 -1.352516e+06 -6.520866e+05 2.761509e+03 -1.687801e+03
17.25          -4.639153e+06 1.237784e+05 -1.359752e+06 -3.988005e+06 1.209154e+05 -1.358123e+06 -6.511484e+05 2.863069e+03 -1.628564e+03
17.3           -4.585675e+06 -3.909355e+04 -1.354307e+06 -3.935452e+06 -4.177013e+04 -1.352720e+06 -6.502232e+05 2.676583e+03 -1.587526e+03
17.35          -4.534410e+06 -2.190821e+05 -1.400554e+06 -3.884841e+06 -2.214849e+05 -1.399005e+06 -6.495691e+05 2.402718e+03 -1.548792e+03
17.4           -4.500962e+06 -3.475788e+05 -1.420665e+06 -3.851805e+06 -3.497363e+05 -1.419143e+06 -6.491570e+05 2.157519e+03 -1.522685e+03
17.45          -4.476126e+06 -4.249428e+05 -1.469498e+06 -3.827192e+06 -4.269153e+05 -1.468005e+06 -6.489334e+05 1.972500e+03 -1.492864e+03
17.5           -4.463208e+06 -4.377158e+05 -1.478730e+06 -3.814374e+06 -4.395634e+05 -1.477265e+06 -6.488344e+05 1.847646e+03 -1.464786e+03
17.55          -4.455050e+06 -4.193801e+05 -1.518670e+06 -3.806256e+06 -4.211532e+05 -1.517242e+06 -6.487936e+05 1.773116e+03 -1.428737e+03
17.6           -4.439139e+06 -3.703668e+05 -1.539899e+06 -3.790399e+06 -3.720991e+05 -1.538515e+06 -6.487393e+05 1.732308e+03 -1.384206e+03
17.65          -4.440044e+06 -3.105410e+05 -1.554054e+06 -3.791285e+06 -3.122683e+05 -1.552723e+06 -6.487586e+05 1.727256e+03 -1.330465e+03
17.7           -4.442046e+06 -2.399537e+05 -1.558289e+06 -3.793237e+06 -2.416909e+05 -1.557015e+06 -6.488086e+05 1.737188e+03 -1.274608e+03
17.75          -4.443784e+06 -1.637042e+05 -1.565469e+06 -3.794911e+06 -1.654605e+05 -1.564266e+06 -6.488727e+05 1.756384e+03 -1.203593e+03
17.8           -4.446843e+06 -8.580112e+04 -1.564434e+06 -3.797913e+06 -8.758663e+04 -1.563298e+06 -6.489305e+05 1.785512e+03 -1.136292e+03
17.85          -4.449142e+06 -1.258498e+04 -1.562210e+06 -3.800146e+06 -1.440511e+04 -1.561144e+06 -6.489964e+05 1.820132e+03 -1.066585e+03
17.9           -4.452765e+06 5.241445e+04 -1.557719e+06 -3.803703e+06 5.055945e+04 -1.556731e+06 -6.490618e+05 1.855000e+03 -9.880048e+02
17.95          -4.455555e+06 1.212850e+05 -1.541934e+06 -3.806415e+06 1.193988e+05 -1.541018e+06 -6.491398e+05 1.886183e+03 -9.155053e+02
18             -4.456523e+06 1.941642e+05 -1.529164e+06 -3.807304e+06 1.922481e+05 -1.528329e+06 -6.492193e+05 1.916034e+03 -8.347241e+02
18.05          -4.456893e+06 2.613269e+05 -1.513854e+06 -3.807621e+06 2.593810e+05 -1.513104e+06 -6.492713e+05 1.945938e+03 -7.508400e+02
18.1           -4.457231e+06 3.224545e+05 -1.491312e+06 -3.807907e+06 3.204796e+05 -1.490644e+06 -6.493239e+05 1.974922e+03 -6.676740e+02
18.15          -4.456980e+06 3.781156e+05 -1.470840e+06 -3.807589e+06 3.761176e+05 -1.470257e+06 -6.493912e+05 1.998010e+03 -5.823269e+02
18.2           -4.456999e+06 4.357746e+05 -1.450808e+06 -3.807540e+06 4.337604e+05 -1.450311e+06 -6.494592e+05 2.014117e+03 -4.976572e+02
18.25          -4.457308e+06 4.969196e+05 -1.429741e+06 -3.807789e+06 4.948920e+05 -1.429333e+06 -6.495188e+05 2.027520e+03 -4.081590e+02
18.3           -4.459724e+06 5.521119e+05 -1.399849e+06 -3.810154e+06 5.500713e+05 -1.399530e+06 -6.495695e+05 2.040638e+03 -3.191848e+02
18.35          -4.461531e+06 6.057486e+05 -1.369877e+06 -3.811894e+06 6.036993e+05 -1.369650e+06 -6.496369e+05 2.049363e+03 -2.263838e+02
18.4           -4.464960e+06 6.613847e+05 -1.342816e+06 -3.815247e+06 6.593313e+05 -1.342688e+06 -6.497131e+05 2.053456e+03 -1.280330e+02
18.45          -4.467803e+06 7.184614e+05 -1.309132e+06 -3.818007e+06 7.164054e+05 -1.309095e+06 -6.497956e+05 2.055998e+03 -3.695832e+01
18.5           -4.468606e+06 7.726250e+05 -1.279300e+06 -3.818740e+06 7.705691e+05 -1.279354e+06 -6.498657e+05 2.055882e+03 5.361820e+01
18.55          -4.470341e+06 8.216214e+05 -1.249148e+06 -3.820425e+06 8.195678e+05 -1.249294e+06 -6.499159e+05 2.053615e+03 1.461391e+02
18.6           -4.471612e+06 8.678377e+05 -1.213090e+06 -3.821637e+06 8.657908e+05 -1.213324e+06 -6.499753e+05 2.046977e+03 2.345933e+02
18.65          -4.471409e+06 9.125346e+05 -1.171917e+06 -3.821364e+06 9.104998e+05 -1.172240e+06 -6.500453e+05 2.034798e+03 3.231046e+02
18.7           -4.471007e+06 9.570828e+05 -1.125545e+06 -3.820898e+06 9.550685e+05 -1.125957e+06 -6.501088e+05 2.014256e+03 4.120593e+02
18.75          -4.470169e+06 1.000310e+06 -1.077612e+06 -3.820010e+06 9.983202e+05 -1.078116e+06 -6.501592e+05 1.990118e+03 5.040711e+02
18.8           -4.469226e+06 1.029224e+06 -1.023962e+06 -3.819019e+06 1.027255e+06 -1.024556e+06 -6.502067e+05 1.969111e+03 5.945125e+02
18.85          -4.469932e+06 1.058767e+06 -9.766533e+05 -3.819669e+06 1.056829e+06 -9.773395e+05 -6.502632e+05 1.938193e+03 6.862140e+02
18.9           -4.471668e+06 1.094792e+06 -9.313328e+05 -3.821349e+06 1.092892e+06 -9.321077e+05 -6.503187e+05 1.900590e+03 7.749055e+02
18.95          -4.474297e+06 1.128072e+06 -8.782479e+05 -3.823917e+06 1.126210e+06 -8.791077e+05 -6.503796e+05 1.862303e+03 8.598135e+02
19             -4.477025e+06 1.167930e+06 -8.324292e+05 -3.826591e+06 1.166113e+06 -8.333769e+05 -6.504339e+05 1.817280e+03 9.477325e+02
19.05          -4.482096e+06 1.199858e+06 -7.812247e+05 -3.831611e+06 1.198082e+06 -7.822550e+05 -6.504848e+05 1.776101e+03 1.030295e+03
19.1           -4.486932e+06 1.232544e+06 -7.297585e+05 -3.836367e+06 1.230813e+06 -7.308703e+05 -6.505655e+05 1.730969e+03 1.111717e+03
19.15          -4.489614e+06 1.268051e+06 -6.821833e+05 -3.838959e+06 1.266368e+06 -6.833728e+05 -6.506555e+05 1.682446e+03 1.189430e+03
19.2           -4.491596e+06 1.298754e+06 -6.263673e+05 -3.840862e+06 1.297117e+06 -6.276306e+05 -6.507340e+05 1.636569e+03 1.263339e+03
19.25          -4.494872e+06 1.327473e+06 -5.753234e+05 -3.844053e+06 1.325885e+06 -5.766630e+05 -6.508191e+05 1.587303e+03 1.339645e+03
19.3           -4.497484e+06 1.341315e+06 -5.236805e+05 -3.846566e+06 1.339775e+06 -5.250877e+05 -6.509187e+05 1.540451e+03 1.407212e+03
19.35          -4.500911e+06 1.356799e+06 -4.646590e+05 -3.849866e+06 1.355309e+06 -4.661294e+05 -6.510450e+05 1.490717e+03 1.470402e+03
19.4           -4.507668e+06 1.385115e+06 -4.062309e+05 -3.856477e+06 1.383676e+06 -4.077673e+05 -6.511910e+05 1.438557e+03 1.536385e+03
19.45          -4.516471e+06 1.410705e+06 -3.454904e+05 -3.865125e+06 1.409298e+06 -3.470859e+05 -6.513459e+05 1.407062e+03 1.595491e+03
19.5           -4.528722e+06 1.453915e+06 -2.945069e+05 -3.877189e+06 1.452526e+06 -2.961608e+05 -6.515332e+05 1.389376e+03 1.653972e+03
19.55          -4.545845e+06 1.519211e+06 -2.504396e+05 -3.894080e+06 1.517810e+06 -2.521467e+05 -6.517652e+05 1.400844e+03 1.707088e+03
19.6           -4.567704e+06 1.623119e+06 -2.050056e+05 -3.915650e+06 1.621660e+06 -2.067575e+05 -6.520534e+05 1.458416e+03 1.751966e+03
19.65          -4.593920e+06 1.779642e+06 -1.564587e+05 -3.941552e+06 1.778051e+06 -1.582536e+05 -6.523678e+05 1.591065e+03 1.794837e+03
19.7           -4.623042e+06 1.997707e+06 -1.005977e+05 -3.970396e+06 1.995882e+06 -1.024380e+05 -6.526462e+05 1.824790e+03 1.840327e+03
19.75          -4.649351e+06 2.266897e+06 -3.650105e+04 -3.996571e+06 2.264724e+06 -3.839194e+04 -6.527798e+05 2.172703e+03 1.890890e+03
19.8           -4.658975e+06 2.527419e+06 4.702877e+04 -4.006392e+06 2.524850e+06 4.507672e+04 -6.525832e+05 2.568651e+03 1.952042e+03
19.85          -4.637771e+06 2.641136e+06 1.538473e+05 -3.985867e+06 2.638319e+06 1.518300e+05 -6.519048e+05 2.817017e+03 2.017303e+03
19.9           -4.590146e+06 2.542368e+06 2.548095e+05 -3.939238e+06 2.539628e+06 2.527345e+05 -6.509079e+05 2.739094e+03 2.074997e+03
19.95          -4.536359e+06 2.296700e+06 3.328979e+05 -3.886366e+06 2.294303e+06 3.307856e+05 -6.499932e+05 2.397344e+03 2.112354e+03
20             -4.492758e+06 2.050214e+06 3.903927e+05 -3.843391e+06 2.048227e+06 3.882628e+05 -6.493676e+05 1.986665e+03 2.129855e+03
20.05          -4.462047e+06 1.844484e+06 4.377104e+05 -3.813041e+06 1.842872e+06 4.355727e+05 -6.490058e+05 1.611167e+03 2.137752e+03
20.1           -4.441651e+06 1.702318e+06 4.903492e+05 -3.792834e+06 1.701020e+06 4.882101e+05 -6.488168e+05 1.297661e+03 2.139118e+03
20.15          -4.430408e+06 1.607188e+06 5.421333e+05 -3.781696e+06 1.606140e+06 5.399900e+05 -6.487112e+05 1.048483e+03 2.143389e+03
20.2           -4.427231e+06 1.553448e+06 5.960169e+05 -3.778571e+06 1.552604e+06 5.938664e+05 -6.486603e+05 8.439156e+02 2.150519e+03
20.25          -4.426069e+06 1.513848e+06 6.472450e+05 -3.777398e+06 1.513165e+06 6.450857e+05 -6.486716e+05 6.831896e+02 2.159353e+03
20.3           -4.427712e+06 1.494032e+06 7.078916e+05 -3.779000e+06 1.493492e+06 7.057267e+05 -6.487117e+05 5.397556e+02 2.164824e+03
20.35          -4.429557e+06 1.479194e+06 7.769665e+05 -3.780792e+06 1.478776e+06 7.747961e+05 -6.487658e+05 4.177847e+02 2.170389e+03
20.4           -4.431197e+06 1.456851e+06 8.411831e+05 -3.782378e+06 1.456545e+06 8.390014e+05 -6.488188e+05 3.059405e+02 2.181740e+03
20.45          -4.433477e+06 1.432030e+06 9.017792e+05 -3.784597e+06 1.431828e+06 8.995867e+05 -6.488792e+05 2.021058e+02 2.192515e+03
20.5           -4.434237e+06 1.402820e+06 9.574702e+05 -3.785279e+06 1.402710e+06 9.552721e+05 -6.489590e+05 1.109113e+02 2.198061e+03
20.55          -4.434238e+06 1.370441e+06 1.019281e+06 -3.785198e+06 1.370426e+06 1.017077e+06 -6.490402e+05 1.492266e+01 2.203425e+03
20.6           -4.433870e+06 1.332316e+06 1.078426e+06 -3.784766e+06 1.332390e+06 1.076218e+06 -6.491043e+05 -7.345639e+01 2.208107e+03
20.65          -4.431940e+06 1.283888e+06 1.123274e+06 -3.782771e+06 1.284050e+06 1.121064e+06 -6.491694e+05 -1.626104e+02 2.210193e+03
20.7           -4.432457e+06 1.239243e+06 1.169496e+06 -3.783224e+06 1.239499e+06 1.167293e+06 -6.492334e+05 -2.561260e+02 2.203399e+03
20.75          -4.432324e+06 1.183750e+06 1.212679e+06 -3.783017e+06 1.184089e+06 1.210483e+06 -6.493073e+05 -3.390047e+02 2.196077e+03
20.8           -4.433544e+06 1.130638e+06 1.262991e+06 -3.784176e+06 1.131066e+06 1.260808e+06 -6.493688e+05 -4.277242e+02 2.183482e+03
20.85          -4.433839e+06 1.073542e+06 1.309276e+06 -3.784418e+06 1.074057e+06 1.307105e+06 -6.494213e+05 -5.150626e+02 2.170892e+03
20.9           -4.436062e+06 1.020829e+06 1.352929e+06 -3.786592e+06 1.021435e+06 1.350773e+06 -6.494696e+05 -6.057147e+02 2.156197e+03
20.95          -4.437837e+06 9.664058e+05 1.392084e+06 -3.788305e+06 9.670989e+05 1.389948e+06 -6.495321e+05 -6.931161e+02 2.136637e+03
21             -4.440130e+06 9.122356e+05 1.441757e+06 -3.790530e+06 9.130150e+05 1.439646e+06 -6.495994e+05 -7.793934e+02 2.111359e+03
21.05          -4.441629e+06 8.528878e+05 1.483245e+06 -3.791978e+06 8.537515e+05 1.481158e+06 -6.496510e+05 -8.637646e+02 2.086886e+03
21.1           -4.444971e+06 7.958115e+05 1.527017e+06 -3.795271e+06 7.967604e+05 1.524959e+06 -6.497002e+05 -9.488903e+02 2.058219e+03
21.15          -4.447479e+06 7.312898e+05 1.557322e+06 -3.797710e+06 7.323230e+05 1.555290e+06 -6.497691e+05 -1.033256e+03 2.032399e+03
21.2           -4.449064e+06 6.687640e+05 1.592355e+06 -3.799216e+06 6.698810e+05 1.590356e+06 -6.498487e+05 -1.117046e+03 1.998884e+03
21.25          -4.450075e+06 6.049432e+05 1.627583e+06 -3.800158e+06 6.061391e+05 1.625618e+06 -6.499170e+05 -1.195926e+03 1.964985e+03
21.3           -4.450493e+06 5.414495e+05 1.655314e+06 -3.800524e+06 5.427267e+05 1.653387e+06 -6.499697e+05 -1.277175e+03 1.927251e+03
21.35          -4.450106e+06 4.769343e+05 1.677844e+06 -3.800075e+06 4.782909e+05 1.675956e+06 -6.500311e+05 -1.356614e+03 1.888473e+03
21.4           -4.450617e+06 4.099329e+05 1.698187e+06 -3.800524e+06 4.113653e+05 1.696344e+06 -6.500927e+05 -1.432361e+03 1.843279e+03
21.45          -4.450933e+06 3.375372e+05 1.715917e+06 -3.800775e+06 3.390429e+05 1.714121e+06 -6.501582e+05 -1.505753e+03 1.795949e+03
21.5           -4.451190e+06 2.652903e+05 1.734030e+06 -3.800974e+06 2.668701e+05 1.732283e+06 -6.502155e+05 -1.579829e+03 1.747402e+03
21.55          -4.452018e+06 1.959578e+05 1.745139e+06 -3.801754e+06 1.976113e+05 1.743446e+06 -6.502635e+05 -1.653520e+03 1.692818e+03
21.6           -4.454321e+06 1.275973e+05 1.759872e+06 -3.803997e+06 1.293199e+05 1.758237e+06 -6.503234e+05 -1.722539e+03 1.634903e+03
21.65          -4.456053e+06 5.469839e+04 1.771372e+06 -3.805661e+06 5.648859e+04 1.769795e+06 -6.503914e+05 -1.790200e+03 1.576789e+03
21.7           -4.457907e+06 -1.887659e+04 1.780988e+06 -3.807461e+06 -1.702148e+04 1.779473e+06 -6.504462e+05 -1.855112e+03 1.514828e+03
21.75          -4.462216e+06 -9.145071e+04 1.789962e+06 -3.811713e+06 -8.953267e+04 1.788511e+06 -6.505028e+05 -1.918035e+03 1.450247e+03
21.8           -4.466263e+06 -1.641690e+05 1.781553e+06 -3.815681e+06 -1.621901e+05 1.780172e+06 -6.505824e+05 -1.978917e+03 1.380745e+03
21.85          -4.472355e+06 -2.389558e+05 1.784398e+06 -3.821687e+06 -2.369230e+05 1.783090e+06 -6.506678e+05 -2.032801e+03 1.307378e+03
21.9           -4.477360e+06 -3.121332e+05 1.774942e+06 -3.826604e+06 -3.100489e+05 1.773704e+06 -6.507556e+05 -2.084284e+03 1.237958e+03
21.95          -4.483272e+06 -3.805094e+05 1.759842e+06 -3.832420e+06 -3.783789e+05 1.758683e+06 -6.508527e+05 -2.130486e+03 1.159091e+03
22             -4.491197e+06 -4.404304e+05 1.743574e+06 -3.840225e+06 -4.382632e+05 1.742493e+06 -6.509715e+05 -2.167239e+03 1.080428e+03
22.05          -4.500335e+06 -4.967347e+05 1.715883e+06 -3.849221e+06 -4.945424e+05 1.714886e+06 -6.511141e+05 -2.192325e+03 9.976447e+02
22.1           -4.512589e+06 -5.470941e+05 1.692962e+06 -3.861307e+06 -5.448955e+05 1.692051e+06 -6.512824e+05 -2.198592e+03 9.103486e+02
22.15          -4.526564e+06 -5.774810e+05 1.657809e+06 -3.875083e+06 -5.752974e+05 1.656985e+06 -6.514804e+05 -2.183576e+03 8.236931e+02
22.2           -4.545018e+06 -5.858786e+05 1.623269e+06 -3.893300e+06 -5.837474e+05 1.622541e+06 -6.517179e+05 -2.131173e+03 7.278140e+02
22.25          -4.567422e+06 -5.558643e+05 1.586094e+06 -3.915412e+06 -5.538402e+05 1.585460e+06 -6.520099e+05 -2.024078e+03 6.334515e+02
22.3           -4.594789e+06 -4.726495e+05 1.547154e+06 -3.942467e+06 -4.708134e+05 1.546616e+06 -6.523212e+05 -1.836098e+03 5.386359e+02
22.35          -4.624720e+06 -3.230202e+05 1.514489e+06 -3.972123e+06 -3.214835e+05 1.514045e+06 -6.525969e+05 -1.536725e+03 4.438642e+02
22.4           -4.651117e+06 -1.108280e+05 1.487961e+06 -3.998420e+06 -1.097055e+05 1.487604e+06 -6.526969e+05 -1.122478e+03 3.565138e+02
22.45          -4.659255e+06 9.525468e+04 1.480037e+06 -4.006819e+06 9.592104e+04 1.479753e+06 -6.524359e+05 -6.663590e+02 2.834292e+02
22.5           -4.636523e+06 1.480624e+05 1.486135e+06 -3.984816e+06 1.484284e+05 1.485910e+06 -6.517062e+05 -3.659501e+02 2.251934e+02
22.55          -4.585793e+06 -2.853388e+04 1.483130e+06 -3.935076e+06 -2.814444e+04 1.482975e+06 -6.507162e+05 -3.894333e+02 1.544096e+02
22.6           -4.528940e+06 -3.321125e+05 1.460762e+06 -3.879115e+06 -3.314561e+05 1.460696e+06 -6.498243e+05 -6.563777e+02 6.588265e+01
22.65          -4.480135e+06 -6.267388e+05 1.410041e+06 -3.830920e+06 -6.257523e+05 1.410077e+06 -6.492156e+05 -9.864687e+02 -3.593714e+01
22.7           -4.444046e+06 -8.683584e+05 1.348789e+06 -3.795191e+06 -8.670839e+05 1.348937e+06 -6.488550e+05 -1.274525e+03 -1.480335e+02
22.75          -4.419931e+06 -1.048715e+06 1.284804e+06 -3.771276e+06 -1.047220e+06 1.285061e+06 -6.486553e+05 -1.494629e+03 -2.569655e+02
22.8           -4.405625e+06 -1.174713e+06 1.220247e+06 -3.757060e+06 -1.173063e+06 1.220611e+06 -6.485648e+05 -1.650486e+03 -3.640192e+02
22.85          -4.397799e+06 -1.263435e+06 1.157094e+06 -3.749249e+06 -1.261682e+06 1.157558e+06 -6.485500e+05 -1.753299e+03 -4.639882e+02
22.9           -4.395539e+06 -1.334852e+06 1.100013e+06 -3.746970e+06 -1.333040e+06 1.100576e+06 -6.485696e+05 -1.811719e+03 -5.635750e+02
22.95          -4.396002e+06 -1.383946e+06 1.045411e+06 -3.747403e+06 -1.382103e+06 1.046068e+06 -6.485989e+05 -1.842895e+03 -6.567064e+02
23             -4.398692e+06 -1.423246e+06 9.936198e+05 -3.750060e+06 -1.421389e+06 9.943640e+05 -6.486327e+05 -1.857035e+03 -7.442391e+02
23.05          -4.400868e+06 -1.446538e+06 9.416366e+05 -3.752183e+06 -1.444683e+06 9.424613e+05 -6.486850e+05 -1.855114e+03 -8.246739e+02
23.1           -4.406226e+06 -1.473797e+06 8.930128e+05 -3.757479e+06 -1.471963e+06 8.939173e+05 -6.487473e+05 -1.834189e+03 -9.044630e+02
23.15          -4.410456e+06 -1.493944e+06 8.383994e+05 -3.761636e+06 -1.492133e+06 8.393784e+05 -6.488202e+05 -1.810879e+03 -9.789491e+02
23.2           -4.414257e+06 -1.513739e+06 7.894620e+05 -3.765377e+06 -1.511959e+06 7.905090e+05 -6.488805e+05 -1.780102e+03 -1.047020e+03
23.25          -4.416672e+06 -1.524334e+06 7.399203e+05 -3.767724e+06 -1.522592e+06 7.410355e+05 -6.489475e+05 -1.741845e+03 -1.115220e+03
23.3           -4.419690e+06 -1.534374e+06 6.871632e+05 -3.770678e+06 -1.532676e+06 6.883431e+05 -6.490124e+05 -1.698239e+03 -1.179941e+03
23.35          -4.420540e+06 -1.551436e+06 6.348609e+05 -3.771467e+06 -1.549787e+06 6.361025e+05 -6.490730e+05 -1.648097e+03 -1.241605e+03
23.4           -4.420573e+06 -1.561656e+06 5.797382e+05 -3.771441e+06 -1.560057e+06 5.810388e+05 -6.491317e+05 -1.599448e+03 -1.300672e+03
23.45          -4.420909e+06 -1.576247e+06 5.246722e+05 -3.771719e+06 -1.574701e+06 5.260278e+05 -6.491906e+05 -1.545768e+03 -1.355550e+03
23.5           -4.421668e+06 -1.596003e+06 4.701485e+05 -3.772419e+06 -1.594513e+06 4.715567e+05 -6.492491e+05 -1.490541e+03 -1.408107e+03
23.55          -4.421992e+06 -1.611435e+06 4.140670e+05 -3.772678e+06 -1.610001e+06 4.155253e+05 -6.493138e+05 -1.434191e+03 -1.458272e+03
23.6           -4.422398e+06 -1.629797e+06 3.553056e+05 -3.773025e+06 -1.628427e+06 3.568112e+05 -6.493728e+05 -1.370433e+03 -1.505613e+03
23.65          -4.424356e+06 -1.642612e+06 2.965773e+05 -3.774927e+06 -1.641299e+06 2.981287e+05 -6.494285e+05 -1.312559e+03 -1.551414e+03
23.7           -4.425752e+06 -1.653655e+06 2.351065e+05 -3.776255e+06 -1.652404e+06 2.366996e+05 -6.494970e+05 -1.251450e+03 -1.593108e+03
23.75          -4.427888e+06 -1.672987e+06 1.731322e+05 -3.778327e+06 -1.671801e+06 1.747652e+05 -6.495616e+05 -1.185669e+03 -1.633049e+03
23.8           -4.429544e+06 -1.678728e+06 1.109832e+05 -3.779912e+06 -1.677598e+06 1.126552e+05 -6.496317e+05 -1.130266e+03 -1.672059e+03
23.85          -4.431666e+06 -1.687720e+06 4.894606e+04 -3.781970e+06 -1.686649e+06 5.065178e+04 -6.496961e+05 -1.071754e+03 -1.705727e+03
23.9           -4.433124e+06 -1.688013e+06 -1.351970e+04 -3.783369e+06 -1.687004e+06 -1.178294e+04 -6.497557e+05 -1.009072e+03 -1.736760e+03
23.95          -4.433913e+06 -1.684555e+06 -7.759940e+04 -3.784097e+06 -1.683612e+06 -7.583389e+04 -6.498158e+05 -9.421722e+02 -1.765509e+03
24             -4.435291e+06 -1.683395e+06 -1.408651e+05 -3.785423e+06 -1.682518e+06 -1.390744e+05 -6.498679e+05 -8.768559e+02 -1.790695e+03
24.05          -4.435768e+06 -1.667803e+06 -2.024697e+05 -3.785843e+06 -1.666989e+06 -2.006554e+05 -6.499248e+05 -8.136957e+02 -1.814367e+03
24.1           -4.436632e+06 -1.661233e+06 -2.648102e+05 -3.786652e+06 -1.660492e+06 -2.629767e+05 -6.499799e+05 -7.408671e+02 -1.833515e+03
24.15          -4.438775e+06 -1.648942e+06 -3.250428e+05 -3.788743e+06 -1.648273e+06 -3.231926e+05 -6.500320e+05 -6.689503e+02 -1.850205e+03
24.2           -4.440845e+06 -1.632307e+06 -3.828339e+05 -3.790759e+06 -1.631704e+06 -3.809689e+05 -6.500865e+05 -6.022663e+02 -1.864970e+03
24.25          -4.444405e+06 -1.625152e+06 -4.446834e+05 -3.794261e+06 -1.624624e+06 -4.428080e+05 -6.501446e+05 -5.283675e+02 -1.875423e+03
24.3           -4.447066e+06 -1.612736e+06 -5.053315e+05 -3.796858e+06 -1.612278e+06 -5.034479e+05 -6.502083e+05 -4.577488e+02 -1.883641e+03
24.35          -4.450547e+06 -1.604530e+06 -5.697182e+05 -3.800271e+06 -1.604143e+06 -5.678282e+05 -6.502761e+05 -3.877285e+02 -1.889970e+03
24.4           -4.453833e+06 -1.588600e+06 -6.309267e+05 -3.803483e+06 -1.588278e+06 -6.290280e+05 -6.503501e+05 -3.227502e+02 -1.898695e+03
24.45          -4.455932e+06 -1.570705e+06 -6.924367e+05 -3.805497e+06 -1.570450e+06 -6.905321e+05 -6.504349e+05 -2.543226e+02 -1.904649e+03
24.5           -4.458151e+06 -1.550055e+06 -7.506338e+05 -3.807635e+06 -1.549871e+06 -7.487278e+05 -6.505165e+05 -1.835470e+02 -1.905979e+03
24.55          -4.460855e+06 -1.521359e+06 -8.056619e+05 -3.810244e+06 -1.521245e+06 -8.037564e+05 -6.506113e+05 -1.131822e+02 -1.905479e+03
24.6           -4.463371e+06 -1.482736e+06 -8.605392e+05 -3.812655e+06 -1.482699e+06 -8.586358e+05 -6.507168e+05 -3.616664e+01 -1.903309e+03
24.65          -4.469011e+06 -1.435456e+06 -9.119429e+05 -3.818180e+06 -1.435502e+06 -9.100432e+05 -6.508316e+05 4.558946e+01 -1.899710e+03
24.7           -4.477258e+06 -1.382585e+06 -9.650206e+05 -3.826290e+06 -1.382723e+06 -9.631290e+05 -6.509678e+05 1.378619e+02 -1.891608e+03
24.75          -4.489171e+06 -1.320806e+06 -1.023732e+06 -3.838036e+06 -1.321051e+06 -1.021850e+06 -6.511352e+05 2.454846e+02 -1.882435e+03
24.8           -4.504082e+06 -1.242938e+06 -1.077649e+06 -3.852741e+06 -1.243311e+06 -1.075774e+06 -6.513405e+05 3.726302e+02 -1.875686e+03
24.85          -4.525278e+06 -1.148080e+06 -1.145644e+06 -3.873691e+06 -1.148619e+06 -1.143780e+06 -6.515871e+05 5.388740e+02 -1.863714e+03
24.9           -4.550610e+06 -1.008624e+06 -1.207624e+06 -3.898732e+06 -1.009380e+06 -1.205769e+06 -6.518781e+05 7.553184e+02 -1.854847e+03
24.95          -4.581245e+06 -8.156389e+05 -1.273411e+06 -3.929048e+06 -8.166943e+05 -1.271570e+06 -6.521968e+05 1.055383e+03 -1.840962e+03
25             -4.613982e+06 -5.532934e+05 -1.335596e+06 -3.961504e+06 -5.547635e+05 -1.333775e+06 -6.524776e+05 1.470048e+03 -1.820576e+03
25.05          -4.640876e+06 -2.302877e+05 -1.374287e+06 -3.988306e+06 -2.322773e+05 -1.372495e+06 -6.525697e+05 1.989521e+03 -1.791956e+03
25.1           -4.646751e+06 7.101241e+04 -1.387951e+06 -3.994483e+06 6.848311e+04 -1.386207e+06 -6.522675e+05 2.529306e+03 -1.743969e+03
25.15          -4.635461e+06 2.183292e+05 -1.366923e+06 -3.983927e+06 2.154484e+05 -1.365235e+06 -6.515338e+05 2.880801e+03 -1.687949e+03
25.2           -4.583341e+06 1.453335e+05 -1.375767e+06 -3.932839e+06 1.424425e+05 -1.374137e+06 -6.505020e+05 2.891033e+03 -1.630729e+03
25.25          -4.529866e+06 -2.404082e+04 -1.368326e+06 -3.880242e+06 -2.670674e+04 -1.366731e+06 -6.496243e+05 2.665919e+03 -1.594499e+03
25.3           -4.481767e+06 -1.954703e+05 -1.407816e+06 -3.832736e+06 -1.978654e+05 -1.406251e+06 -6.490303e+05 2.395139e+03 -1.565115e+03
25.35          -4.451145e+06 -3.068034e+05 -1.428904e+06 -3.802462e+06 -3.089693e+05 -1.427364e+06 -6.486834e+05 2.165837e+03 -1.540129e+03
25.4           -4.429259e+06 -3.688791e+05 -1.480216e+06 -3.780775e+06 -3.708790e+05 -1.478705e+06 -6.484848e+05 1.999922e+03 -1.511186e+03
25.45          -4.420561e+06 -3.740232e+05 -1.506050e+06 -3.772167e+06 -3.759188e+05 -1.504571e+06 -6.483941e+05 1.895576e+03 -1.479365e+03
25.5           -4.402287e+06 -3.469720e+05 -1.535542e+06 -3.753976e+06 -3.488019e+05 -1.534096e+06 -6.483109e+05 1.829968e+03 -1.445707e+03
25.55          -4.401148e+06 -2.992599e+05 -1.566048e+06 -3.752822e+06 -3.010662e+05 -1.564647e+06 -6.483263e+05 1.806236e+03 -1.401060e+03
25.6           -4.400672e+06 -2.341072e+05 -1.579044e+06 -3.752308e+06 -2.359139e+05 -1.577691e+06 -6.483639e+05 1.806727e+03 -1.353123e+03
25.65          -4.401742e+06 -1.629127e+05 -1.588643e+06 -3.753326e+06 -1.647369e+05 -1.587347e+06 -6.484165e+05 1.824121e+03 -1.296532e+03
25.7           -4.403443e+06 -8.913812e+04 -1.595492e+06 -3.754965e+06 -9.099002e+04 -1.594263e+06 -6.484784e+05 1.851905e+03 -1.229514e+03
25.75          -4.403318e+06 -1.575221e+04 -1.584383e+06 -3.754759e+06 -1.763698e+04 -1.583215e+06 -6.485589e+05 1.884772e+03 -1.168529e+03
25.8           -4.403812e+06 5.325051e+04 -1.578479e+06 -3.755180e+06 5.132889e+04 -1.577383e+06 -6.486315e+05 1.921616e+03 -1.096448e+03
25.85          -4.403652e+06 1.243514e+05 -1.564439e+06 -3.754962e+06 1.223935e+05 -1.563420e+06 -6.486905e+05 1.957901e+03 -1.019667e+03
25.9           -4.404860e+06 1.945495e+05 -1.545934e+06 -3.756107e+06 1.925561e+05 -1.544993e+06 -6.487526e+05 1.993386e+03 -9.410816e+02
25.95          -4.405370e+06 2.619391e+05 -1.530561e+06 -3.756564e+06 2.599128e+05 -1.529705e+06 -6.488054e+05 2.026382e+03 -8.558387e+02
26             -4.405877e+06 3.261603e+05 -1.505293e+06 -3.757013e+06 3.241023e+05 -1.504520e+06 -6.488635e+05 2.057987e+03 -7.732371e+02
26.05          -4.407481e+06 3.917967e+05 -1.487637e+06 -3.758558e+06 3.897099e+05 -1.486952e+06 -6.489232e+05 2.086857e+03 -6.854286e+02
26.1           -4.410972e+06 4.540916e+05 -1.475776e+06 -3.761995e+06 4.519820e+05 -1.475182e+06 -6.489769e+05 2.109607e+03 -5.936861e+02
26.15          -4.412656e+06 5.132153e+05 -1.453610e+06 -3.763613e+06 5.110837e+05 -1.453104e+06 -6.490426e+05 2.131653e+03 -5.062852e+02
26.2           -4.415955e+06 5.734866e+05 -1.435518e+06 -3.766845e+06 5.713374e+05 -1.435102e+06 -6.491098e+05 2.149169e+03 -4.151795e+02
26.25          -4.418869e+06 6.298354e+05 -1.406349e+06 -3.769689e+06 6.276730e+05 -1.406025e+06 -6.491801e+05 2.162423e+03 -3.236521e+02
26.3           -4.422874e+06 6.895409e+05 -1.383330e+06 -3.773625e+06 6.873695e+05 -1.383103e+06 -6.492490e+05 2.171423e+03 -2.275698e+02
26.35          -4.425582e+06 7.446266e+05 -1.347842e+06 -3.776261e+06 7.424471e+05 -1.347708e+06 -6.493208e+05 2.179495e+03 -1.343697e+02
26.4           -4.426315e+06 7.953108e+05 -1.310998e+06 -3.776918e+06 7.931261e+05 -1.310955e+06 -6.493970e+05 2.184700e+03 -4.284526e+01
26.45          -4.427466e+06 8.444672e+05 -1.278469e+06 -3.778008e+06 8.422856e+05 -1.278523e+06 -6.494577e+05 2.181578e+03 5.365573e+01
26.5           -4.428512e+06 8.899269e+05 -1.237217e+06 -3.778991e+06 8.877519e+05 -1.237366e+06 -6.495211e+05 2.175014e+03 1.486724e+02
26.55          -4.427988e+06 9.324793e+05 -1.193894e+06 -3.778405e+06 9.303142e+05 -1.194135e+06 -6.495826e+05 2.165048e+03 2.411480e+02
26.6           -4.428793e+06 9.715156e+05 -1.147175e+06 -3.779151e+06 9.693667e+05 -1.147510e+06 -6.496420e+05 2.148832e+03 3.350525e+02
26.65          -4.429410e+06 1.011505e+06 -1.102413e+06 -3.779709e+06 1.009382e+06 -1.102845e+06 -6.497012e+05 2.123574e+03 4.320969e+02
26.7           -4.430385e+06 1.051281e+06 -1.060665e+06 -3.780630e+06 1.049184e+06 -1.061190e+06 -6.497549e+05 2.097016e+03 5.254880e+02
26.75          -4.431559e+06 1.084970e+06 -1.013604e+06 -3.781747e+06 1.082900e+06 -1.014220e+06 -6.498122e+05 2.070375e+03 6.164991e+02
26.8           -4.432119e+06 1.124461e+06 -9.732180e+05 -3.782246e+06 1.122427e+06 -9.739294e+05 -6.498722e+05 2.034671e+03 7.113955e+02
26.85          -4.433585e+06 1.158704e+06 -9.303570e+05 -3.783656e+06 1.156705e+06 -9.311557e+05 -6.499292e+05 1.999307e+03 7.987289e+02
26.9           -4.436047e+06 1.194449e+06 -8.868644e+05 -3.786055e+06 1.192491e+06 -8.877501e+05 -6.499919e+05 1.958685e+03 8.856976e+02
26.95          -4.437705e+06 1.227550e+06 -8.381449e+05 -3.787646e+06 1.225635e+06 -8.391141e+05 -6.500588e+05 1.914799e+03 9.692585e+02
27             -4.439886e+06 1.256739e+06 -7.858389e+05 -3.789754e+06 1.254868e+06 -7.868893e+05 -6.501319e+05 1.871305e+03 1.050381e+03
27.05          -4.442780e+06 1.287514e+06 -7.359368e+05 -3.792578e+06 1.285693e+06 -7.370683e+05 -6.502024e+05 1.821864e+03 1.131495e+03
27.1           -4.445508e+06 1.309174e+06 -6.818965e+05 -3.795235e+06 1.307402e+06 -6.831041e+05 -6.502726e+05 1.771900e+03 1.207610e+03
27.15          -4.448005e+06 1.325888e+06 -6.255323e+05 -3.797653e+06 1.324169e+06 -6.268163e+05 -6.503520e+05 1.719526e+03 1.284025e+03
27.2           -4.451757e+06 1.345350e+06 -5.731015e+05 -3.801320e+06 1.343689e+06 -5.744582e+05 -6.504371e+05 1.661215e+03 1.356768e+03
27.25          -4.457380e+06 1.361292e+06 -5.172110e+05 -3.806846e+06 1.359683e+06 -5.186320e+05 -6.505343e+05 1.609084e+03 1.421005e+03
27.3           -4.465711e+06 1.382621e+06 -4.611202e+05 -3.815056e+06 1.381064e+06 -4.626066e+05 -6.506551e+05 1.556469e+03 1.486403e+03
27.35          -4.476442e+06 1.413382e+06 -4.088330e+05 -3.825644e+06 1.411876e+06 -4.103819e+05 -6.507979e+05 1.505707e+03 1.548885e+03
27.4           -4.489156e+06 1.453135e+06 -3.566902e+05 -3.838184e+06 1.451662e+06 -3.582952e+05 -6.509723e+05 1.473383e+03 1.605072e+03
27.45          -4.503865e+06 1.508563e+06 -3.096222e+05 -3.852687e+06 1.507102e+06 -3.112801e+05 -6.511780e+05 1.460891e+03 1.657953e+03
27.5           -4.521611e+06 1.582395e+06 -2.648646e+05 -3.870180e+06 1.580911e+06 -2.665704e+05 -6.514306e+05 1.483912e+03 1.705741e+03
27.55          -4.544431e+06 1.701470e+06 -2.221590e+05 -3.892709e+06 1.699915e+06 -2.239071e+05 -6.517221e+05 1.555528e+03 1.748061e+03
27.6           -4.570621e+06 1.864553e+06 -1.750852e+05 -3.918583e+06 1.862839e+06 -1.768736e+05 -6.520382e+05 1.714466e+03 1.788493e+03
27.65          -4.597729e+06 2.090783e+06 -1.222097e+05 -3.945421e+06 2.088802e+06 -1.240403e+05 -6.523076e+05 1.980593e+03 1.830643e+03
27.7           -4.617532e+06 2.359834e+06 -5.338666e+04 -3.965151e+06 2.357479e+06 -5.526428e+04 -6.523803e+05 2.354679e+03 1.877615e+03
27.75          -4.617817e+06 2.598811e+06 3.576122e+04 -3.965770e+06 2.596082e+06 3.382389e+04 -6.520473e+05 2.728873e+03 1.937327e+03
27.8           -4.587113e+06 2.660184e+06 1.358066e+05 -3.935885e+06 2.657283e+06 1.338062e+05 -6.512279e+05 2.900289e+03 2.000344e+03
27.85          -4.533990e+06 2.500211e+06 2.254272e+05 -3.883780e+06 2.497476e+06 2.233800e+05 -6.502099e+05 2.734954e+03 2.047247e+03
27.9           -4.482722e+06 2.250767e+06 2.940329e+05 -3.833357e+06 2.248405e+06 2.919599e+05 -6.493648e+05 2.361452e+03 2.073047e+03
27.95          -4.441679e+06 2.018963e+06 3.453822e+05 -3.792857e+06 2.017000e+06 3.432980e+05 -6.488217e+05 1.962219e+03 2.084213e+03
28             -4.413504e+06 1.839194e+06 3.914895e+05 -3.765006e+06 1.837591e+06 3.894038e+05 -6.484981e+05 1.602934e+03 2.085682e+03
28.05          -4.398062e+06 1.722218e+06 4.396848e+05 -3.749747e+06 1.720909e+06 4.375999e+05 -6.483151e+05 1.308212e+03 2.084907e+03
28.1           -4.388887e+06 1.649071e+06 4.891616e+05 -3.740652e+06 1.647997e+06 4.870746e+05 -6.482354e+05 1.073892e+03 2.087070e+03
28.15          -4.385305e+06 1.598171e+06 5.409605e+05 -3.737093e+06 1.597277e+06 5.388674e+05 -6.482122e+05 8.940179e+02 2.093102e+03
28.2           -4.384777e+06 1.569097e+06 5.979056e+05 -3.736549e+06 1.568358e+06 5.958075e+05 -6.482280e+05 7.393135e+02 2.098159e+03
28.25          -4.387346e+06 1.556004e+06 6.611346e+05 -3.739083e+06 1.555397e+06 6.590296e+05 -6.482633e+05 6.070792e+02 2.104988e+03
28.3           -4.389928e+06 1.536318e+06 7.242913e+05 -3.741614e+06 1.535820e+06 7.221769e+05 -6.483143e+05 4.984104e+02 2.114321e+03
28.35          -4.392605e+06 1.511115e+06 7.889458e+05 -3.744228e+06 1.510718e+06 7.868220e+05 -6.483777e+05 3.963070e+02 2.123867e+03
28.4           -4.393576e+06 1.483402e+06 8.512067e+05 -3.745126e+06 1.483098e+06 8.490716e+05 -6.484496e+05 3.034310e+02 2.135097e+03
28.45          -4.394727e+06 1.459475e+06 9.157547e+05 -3.746210e+06 1.459267e+06 9.136142e+05 -6.485169e+05 2.086902e+02 2.140450e+03
28.5           -4.396020e+06 1.421107e+06 9.738950e+05 -3.747444e+06 1.420988e+06 9.717477e+05 -6.485762e+05 1.193485e+02 2.147305e+03
28.55          -4.395643e+06 1.378933e+06 1.027226e+06 -3.746998e+06 1.378900e+06 1.025073e+06 -6.486457e+05 3.324353e+01 2.152256e+03
28.6           -4.396538e+06 1.335697e+06 1.080402e+06 -3.747828e+06 1.335752e+06 1.078250e+06 -6.487102e+05 -5.469127e+01 2.151067e+03
28.65          -4.396261e+06 1.285169e+06 1.127428e+06 -3.747490e+06 1.285305e+06 1.125279e+06 -6.487716e+05 -1.361537e+02 2.149437e+03
28.7           -4.396943e+06 1.233153e+06 1.173304e+06 -3.748109e+06 1.233374e+06 1.171160e+06 -6.488345e+05 -2.211743e+02 2.144726e+03
28.75          -4.397479e+06 1.182742e+06 1.219102e+06 -3.748581e+06 1.183050e+06 1.216964e+06 -6.488981e+05 -3.077173e+02 2.137584e+03
28.8           -4.397995e+06 1.134365e+06 1.266200e+06 -3.749037e+06 1.134757e+06 1.264073e+06 -6.489575e+05 -3.920743e+02 2.127450e+03
28.85          -4.398781e+06 1.089101e+06 1.317138e+06 -3.749761e+06 1.089584e+06 1.315027e+06 -6.490205e+05 -4.826953e+02 2.110482e+03
28.9           -4.399755e+06 1.041463e+06 1.364625e+06 -3.750680e+06 1.042031e+06 1.362532e+06 -6.490757e+05 -5.679671e+02 2.092746e+03
28.95          -4.399761e+06 9.901958e+05 1.409584e+06 -3.750624e+06 9.908459e+05 1.407511e+06 -6.491368e+05 -6.501087e+02 2.073387e+03
29             -4.401086e+06 9.357111e+05 1.453932e+06 -3.751886e+06 9.364409e+05 1.451877e+06 -6.491992e+05 -7.298219e+02 2.055601e+03
29.05          -4.401095e+06 8.779379e+05 1.497846e+06 -3.751821e+06 8.787498e+05 1.495811e+06 -6.492736e+05 -8.118989e+02 2.034515e+03
29.1           -4.401257e+06 8.158693e+05 1.535919e+06 -3.751917e+06 8.167649e+05 1.533908e+06 -6.493403e+05 -8.956293e+02 2.011044e+03
29.15          -4.401429e+06 7.542898e+05 1.574591e+06 -3.752024e+06 7.552668e+05 1.572604e+06 -6.494051e+05 -9.769648e+02 1.986971e+03
29.2           -4.400688e+06 6.875877e+05 1.602377e+06 -3.751215e+06 6.886452e+05 1.600418e+06 -6.494730e+05 -1.057547e+03 1.959244e+03
29.25          -4.400906e+06 6.215023e+05 1.630280e+06 -3.751377e+06 6.226394e+05 1.628354e+06 -6.495287e+05 -1.137099e+03 1.926024e+03
29.3           -4.400603e+06 5.496178e+05 1.652069e+06 -3.751017e+06 5.508359e+05 1.650182e+06 -6.495856e+05 -1.218063e+03 1.886996e+03
29.35          -4.403702e+06 4.771039e+05 1.673690e+06 -3.754066e+06 4.784024e+05 1.671848e+06 -6.496357e+05 -1.298436e+03 1.842018e+03
29.4           -4.405280e+06 4.017071e+05 1.685579e+06 -3.755583e+06 4.030813e+05 1.683777e+06 -6.496967e+05 -1.374188e+03 1.801453e+03
29.45          -4.408555e+06 3.288817e+05 1.708152e+06 -3.758807e+06 3.303348e+05 1.706407e+06 -6.497478e+05 -1.453146e+03 1.745252e+03
29.5           -4.412060e+06 2.536289e+05 1.718838e+06 -3.762259e+06 2.551586e+05 1.717146e+06 -6.498013e+05 -1.529737e+03 1.691944e+03
29.55          -4.416008e+06 1.815286e+05 1.737431e+06 -3.766150e+06 1.831323e+05 1.735795e+06 -6.498582e+05 -1.603745e+03 1.636252e+03
29.6           -4.419744e+06 1.067393e+05 1.748351e+06 -3.769819e+06 1.084162e+05 1.746773e+06 -6.499248e+05 -1.676916e+03 1.577972e+03
29.65          -4.424105e+06 3.153519e+04 1.760942e+06 -3.774111e+06 3.328122e+04 1.759428e+06 -6.499934e+05 -1.746035e+03 1.514393e+03
29.7           -4.427525e+06 -4.353846e+04 1.768356e+06 -3.777457e+06 -4.172710e+04 1.766905e+06 -6.500683e+05 -1.811357e+03 1.450721e+03
29.75          -4.430322e+06 -1.186974e+05 1.763427e+06 -3.780173e+06 -1.168219e+05 1.762040e+06 -6.501486e+05 -1.875491e+03 1.386177e+03
29.8           -4.431992e+06 -1.935152e+05 1.757232e+06 -3.781755e+06 -1.915801e+05 1.755915e+06 -6.502371e+05 -1.935119e+03 1.316888e+03
29.85          -4.435305e+06 -2.644467e+05 1.744225e+06 -3.784984e+06 -2.624579e+05 1.742987e+06 -6.503219e+05 -1.988729e+03 1.238312e+03
29.9           -4.438628e+06 -3.295691e+05 1.722247e+06 -3.788202e+06 -3.275335e+05 1.721086e+06 -6.504257e+05 -2.035615e+03 1.161210e+03
29.95          -4.444738e+06 -3.907771e+05 1.701941e+06 -3.794197e+06 -3.887054e+05 1.700867e+06 -6.505418e+05 -2.071626e+03 1.074203e+03
30             -4.452303e+06 -4.437287e+05 1.671699e+06 -3.801622e+06 -4.416308e+05 1.670711e+06 -6.506805e+05 -2.097844e+03 9.886838e+02
30.05          -4.463097e+06 -4.863708e+05 1.649012e+06 -3.812250e+06 -4.842694e+05 1.648118e+06 -6.508476e+05 -2.101457e+03 8.947313e+02
30.1           -4.479248e+06 -5.129932e+05 1.618140e+06 -3.828203e+06 -5.109149e+05 1.617337e+06 -6.510449e+05 -2.078338e+03 8.032540e+02
30.15          -4.499277e+06 -5.126828e+05 1.585322e+06 -3.847982e+06 -5.106659e+05 1.584613e+06 -6.512954e+05 -2.016893e+03 7.094197e+02
30.2           -4.524966e+06 -4.727888e+05 1.555799e+06 -3.873373e+06 -4.708972e+05 1.555191e+06 -6.515930e+05 -1.891678e+03 6.081983e+02
30.25          -4.554665e+06 -3.724121e+05 1.516499e+06 -3.902763e+06 -3.707340e+05 1.515987e+06 -6.519022e+05 -1.678087e+03 5.120116e+02
30.3           -4.586435e+06 -2.038350e+05 1.487458e+06 -3.934283e+06 -2.024867e+05 1.487041e+06 -6.521520e+05 -1.348345e+03 4.166523e+02
30.35          -4.610349e+06 1.491846e+04 1.462976e+06 -3.958158e+06 1.582857e+04 1.462644e+06 -6.521905e+05 -9.101090e+02 3.319958e+02
30.4           -4.610944e+06 1.934418e+05 1.450535e+06 -3.959149e+06 1.939145e+05 1.450268e+06 -6.517958e+05 -4.727038e+02 2.662735e+02
30.45          -4.578793e+06 1.866955e+05 1.448727e+06 -3.927857e+06 1.869467e+05 1.448533e+06 -6.509361e+05 -2.511958e+02 1.942002e+02
30.5           -4.524055e+06 -2.226836e+04 1.425517e+06 -3.874132e+06 -2.190789e+04 1.425399e+06 -6.499228e+05 -3.604689e+02 1.178306e+02
30.55          -4.468884e+06 -3.265718e+05 1.386832e+06 -3.819782e+06 -3.259192e+05 1.386815e+06 -6.491013e+05 -6.525845e+02 1.676608e+01
30.6           -4.425264e+06 -6.123734e+05 1.325351e+06 -3.776701e+06 -6.114044e+05 1.325449e+06 -6.485629e+05 -9.690576e+02 -9.752600e+01
30.65          -4.393287e+06 -8.390752e+05 1.258298e+06 -3.745040e+06 -8.378384e+05 1.258511e+06 -6.482472e+05 -1.236804e+03 -2.135648e+02
30.7           -4.373827e+06 -1.009330e+06 1.196345e+06 -3.725753e+06 -1.007895e+06 1.196673e+06 -6.480740e+05 -1.434486e+03 -3.278322e+02
30.75          -4.361398e+06 -1.123068e+06 1.130236e+06 -3.713397e+06 -1.121493e+06 1.130672e+06 -6.480006e+05 -1.574704e+03 -4.359131e+02
30.8           -4.356102e+06 -1.207221e+06 1.080482e+06 -3.708120e+06 -1.205561e+06 1.081025e+06 -6.479818e+05 -1.660329e+03 -5.430328e+02
30.85          -4.355185e+06 -1.266755e+06 1.029945e+06 -3.707183e+06 -1.265047e+06 1.030586e+06 -6.480022e+05 -1.707891e+03 -6.410103e+02
30.9           -4.353616e+06 -1.305853e+06 9.745720e+05 -3.705560e+06 -1.304120e+06 9.753000e+05 -6.480562e+05 -1.732933e+03 -7.279733e+02
30.95          -4.354261e+06 -1.346706e+06 9.282494e+05 -3.706151e+06 -1.344972e+06 9.290658e+05 -6.481099e+05 -1.734408e+03 -8.164418e+02
31             -4.354293e+06 -1.363550e+06 8.755707e+05 -3.706134e+06 -1.361822e+06 8.764671e+05 -6.481591e+05 -1.728235e+03 -8.963637e+02
